origwav.txt   1 channel (mono)
Sample Rate: 16000 Hz. Sample values on linear scale.
Length processed: 10000 samples 0.62500 seconds.


0.00009
0.00037
0.00046
-0.00021
0.00021
-0.00003
0.00024
0.00003
0.00015
0.00012
0.00009
-0.00024
0.00003
0.00000
0.00015
0.00043
0.00027
0.00052
0.00049
0.00073
0.00049
0.00079
0.00034
0.00061
0.00052
0.00061
0.00092
0.00119
0.00082
0.00098
0.00085
0.00122
0.00092
0.00125
0.00101
0.00076
0.00110
0.00098
0.00101
0.00110
0.00116
0.00140
0.00143
0.00177
0.00128
0.00159
0.00119
0.00165
0.00168
0.00174
0.00143
0.00125
0.00153
0.00095
0.00153
0.00116
0.00153
0.00137
0.00153
0.00131
0.00107
0.00113
0.00104
0.00079
0.00058
0.00089
0.00070
0.00079
0.00070
0.00049
0.00046
0.00061
0.00079
0.00061
0.00076
0.00082
0.00027
0.00043
0.00040
0.00021
0.00046
0.00027
0.00012
0.00046
0.00024
0.00024
0.00003
0.00037
0.00027
0.00031
0.00027
0.00015
0.00031
0.00076
0.00037
0.00043
0.00021
0.00015
0.00043
0.00049
0.00046
0.00031
0.00079
0.00089
0.00073
0.00073
-0.00003
0.00024
0.00009
-0.00009
0.00049
0.00031
0.00037
0.00043
0.00031
0.00034
0.00046
0.00070
0.00037
0.00067
0.00034
0.00037
0.00000
-0.00021
-0.00018
-0.00031
0.00009
-0.00027
0.00000
0.00003
-0.00027
-0.00015
-0.00027
-0.00009
-0.00043
-0.00043
-0.00027
-0.00015
-0.00024
-0.00031
-0.00027
-0.00064
-0.00058
-0.00049
-0.00055
-0.00037
-0.00043
-0.00034
-0.00015
-0.00009
0.00003
-0.00021
0.00021
-0.00018
-0.00006
-0.00012
0.00015
-0.00015
0.00009
0.00006
-0.00024
-0.00012
-0.00018
0.00024
-0.00012
0.00006
0.00003
-0.00024
-0.00009
-0.00064
0.00000
-0.00009
0.00009
0.00006
0.00015
-0.00043
-0.00006
-0.00021
-0.00021
-0.00055
-0.00061
-0.00064
-0.00058
-0.00049
-0.00058
-0.00049
-0.00067
-0.00034
-0.00046
-0.00079
-0.00061
-0.00052
-0.00052
-0.00046
-0.00052
-0.00064
-0.00052
-0.00064
-0.00034
-0.00064
-0.00058
-0.00031
-0.00031
-0.00040
-0.00031
-0.00021
-0.00070
-0.00058
0.00015
-0.00043
-0.00027
-0.00012
-0.00012
-0.00024
-0.00037
0.00009
-0.00009
-0.00006
0.00003
-0.00015
-0.00031
-0.00006
-0.00009
0.00021
0.00015
0.00021
0.00012
-0.00006
0.00015
0.00015
0.00003
-0.00012
0.00024
-0.00021
0.00031
0.00000
0.00027
0.00000
0.00003
-0.00006
-0.00031
0.00018
0.00003
0.00003
-0.00003
0.00034
0.00021
0.00027
0.00003
-0.00009
0.00006
-0.00021
-0.00031
-0.00021
-0.00006
-0.00015
0.00003
-0.00012
0.00006
-0.00003
0.00006
-0.00018
-0.00009
-0.00006
-0.00015
-0.00009
-0.00024
-0.00021
-0.00024
-0.00024
-0.00021
-0.00031
-0.00006
-0.00037
-0.00015
-0.00018
-0.00009
-0.00024
-0.00018
-0.00009
-0.00015
-0.00003
-0.00037
-0.00021
-0.00012
-0.00015
-0.00021
-0.00012
-0.00015
-0.00043
-0.00024
-0.00024
-0.00018
-0.00015
-0.00031
-0.00012
-0.00027
-0.00015
-0.00015
-0.00006
-0.00027
-0.00024
-0.00003
-0.00015
0.00003
-0.00043
-0.00003
-0.00024
-0.00006
-0.00018
0.00009
0.00009
0.00006
0.00006
-0.00018
-0.00015
0.00006
-0.00003
0.00009
-0.00018
-0.00024
-0.00040
-0.00058
-0.00076
-0.00085
-0.00067
-0.00116
-0.00107
-0.00134
-0.00131
-0.00171
-0.00153
-0.00195
-0.00168
-0.00192
-0.00201
-0.00214
-0.00198
-0.00214
-0.00217
-0.00217
-0.00247
-0.00220
-0.00266
-0.00226
-0.00247
-0.00229
-0.00266
-0.00281
-0.00320
-0.00342
-0.00354
-0.00400
-0.00406
-0.00430
-0.00430
-0.00507
-0.00504
-0.00528
-0.00598
-0.00659
-0.00717
-0.00745
-0.00827
-0.00916
-0.00983
-0.01044
-0.01129
-0.01175
-0.01270
-0.01279
-0.01370
-0.01443
-0.01462
-0.01440
-0.01514
-0.01529
-0.01596
-0.01660
-0.01636
-0.01730
-0.01776
-0.01819
-0.01859
-0.01904
-0.01910
-0.01990
-0.01944
-0.01971
-0.01953
-0.01938
-0.01968
-0.01926
-0.01843
-0.01846
-0.01736
-0.01669
-0.01614
-0.01584
-0.01544
-0.01517
-0.01462
-0.01379
-0.01343
-0.01321
-0.01382
-0.01370
-0.01355
-0.01306
-0.01398
-0.01395
-0.01370
-0.01294
-0.01242
-0.01215
-0.01199
-0.01135
-0.01074
-0.01050
-0.01013
-0.00958
-0.00946
-0.01010
-0.01016
-0.01010
-0.01022
-0.00943
-0.00949
-0.00995
-0.00925
-0.00879
-0.00858
-0.00745
-0.00662
-0.00519
-0.00339
-0.00211
-0.00018
0.00095
0.00208
0.00323
0.00394
0.00449
0.00552
0.00610
0.00626
0.00784
0.00906
0.00980
0.00995
0.01022
0.01108
0.01309
0.01389
0.01367
0.01413
0.01450
0.01459
0.01477
0.01379
0.01334
0.01309
0.01190
0.01178
0.01059
0.00916
0.00888
0.00800
0.00742
0.00696
0.00735
0.00735
0.00867
0.00946
0.01059
0.01077
0.01144
0.01343
0.01425
0.01447
0.01486
0.01462
0.01367
0.01318
0.01297
0.01154
0.01175
0.01141
0.01074
0.01010
0.01047
0.00970
0.00943
0.01065
0.01089
0.01089
0.01144
0.01224
0.01328
0.01367
0.01392
0.01514
0.01526
0.01508
0.01590
0.01718
0.01807
0.01913
0.02020
0.02063
0.02170
0.02319
0.02319
0.02322
0.02328
0.02289
0.02130
0.02054
0.02008
0.01920
0.01797
0.01587
0.01425
0.01154
0.00964
0.00674
0.00443
0.00256
0.00140
0.00089
-0.00085
-0.00180
-0.00259
-0.00363
-0.00375
-0.00345
-0.00360
-0.00342
-0.00256
-0.00266
-0.00378
-0.00427
-0.00388
-0.00391
-0.00375
-0.00394
-0.00476
-0.00436
-0.00485
-0.00418
-0.00467
-0.00543
-0.00558
-0.00568
-0.00574
-0.00638
-0.00894
-0.01141
-0.01303
-0.01440
-0.01575
-0.01688
-0.01764
-0.01822
-0.01926
-0.02014
-0.02014
-0.02011
-0.01874
-0.01715
-0.01614
-0.01590
-0.01639
-0.01599
-0.01413
-0.01285
-0.01157
-0.01019
-0.00983
-0.00912
-0.00909
-0.00989
-0.01001
-0.00964
-0.00906
-0.00879
-0.00925
-0.00864
-0.00778
-0.00793
-0.00809
-0.00836
-0.00778
-0.00806
-0.00793
-0.00931
-0.01129
-0.01199
-0.01242
-0.01303
-0.01340
-0.01343
-0.01358
-0.01245
-0.01288
-0.01282
-0.01248
-0.01187
-0.01010
-0.01010
-0.01129
-0.01047
-0.00949
-0.01001
-0.01019
-0.01157
-0.01413
-0.01428
-0.01440
-0.01535
-0.01666
-0.01602
-0.01746
-0.01944
-0.01926
-0.01999
-0.02072
-0.02130
-0.02142
-0.02164
-0.02203
-0.02322
-0.02393
-0.02496
-0.02505
-0.02597
-0.02731
-0.02878
-0.02911
-0.02859
-0.02905
-0.02921
-0.02774
-0.02792
-0.02771
-0.02731
-0.02744
-0.02637
-0.02551
-0.02472
-0.02344
-0.02304
-0.02289
-0.02188
-0.02237
-0.02182
-0.02081
-0.02243
-0.02121
-0.02142
-0.02094
-0.01944
-0.01935
-0.01974
-0.02014
-0.01929
-0.01874
-0.01663
-0.01709
-0.01587
-0.01572
-0.01624
-0.01611
-0.01556
-0.01324
-0.01370
-0.01349
-0.01413
-0.01526
-0.01520
-0.01447
-0.01437
-0.01489
-0.01544
-0.01611
-0.01682
-0.01694
-0.01706
-0.01889
-0.02023
-0.02155
-0.02466
-0.02338
-0.02319
-0.02448
-0.02466
-0.02710
-0.02695
-0.02664
-0.02844
-0.02817
-0.02905
-0.02875
-0.02716
-0.02985
-0.03033
-0.02774
-0.02823
-0.02847
-0.02774
-0.02765
-0.02631
-0.02695
-0.02594
-0.02573
-0.02332
-0.02084
-0.02548
-0.02325
-0.02161
-0.02368
-0.02167
-0.02063
-0.01917
-0.01837
-0.01788
-0.01724
-0.01706
-0.01489
-0.01703
-0.01410
-0.01752
-0.01605
-0.01730
-0.01550
-0.01929
-0.01566
-0.01340
-0.01947
-0.01456
-0.00964
-0.01035
-0.01096
-0.00885
-0.00876
-0.00723
-0.01208
-0.00894
-0.00967
-0.00781
-0.01154
-0.01105
-0.01636
-0.00580
-0.01495
-0.01602
-0.01868
-0.00937
-0.01810
0.00125
0.02579
0.16827
-0.05829
-0.40652
0.13617
0.09641
-0.41690
-0.25314
-0.12045
-0.28415
-0.23447
-0.09122
-0.22745
-0.02921
0.28204
0.07886
-0.04025
0.20490
0.17920
-0.09708
0.01636
0.25980
0.03790
-0.13812
0.07932
0.15662
-0.05048
-0.09677
0.04501
0.04095
0.03714
0.18024
0.19598
0.01956
-0.02225
0.02509
0.02713
0.04446
0.02393
-0.04062
-0.06592
0.00961
-0.01440
-0.10077
-0.06555
0.00394
-0.02072
-0.02805
0.03915
-0.02957
-0.11914
-0.10950
-0.04755
-0.02164
-0.08679
-0.12054
-0.06195
-0.02890
-0.06650
-0.07352
-0.05804
-0.06335
-0.01007
0.06735
0.01019
0.00916
0.01169
-0.04138
0.04669
0.07925
0.02982
0.03687
0.08853
0.09705
0.07608
0.08389
0.07532
0.06119
0.09171
0.11578
0.09622
0.06128
0.02365
-0.01355
0.02673
0.05594
0.01373
-0.00424
-0.01556
0.01761
0.01831
-0.03146
-0.03293
-0.03375
-0.03210
0.01077
-0.01831
-0.05389
-0.03537
-0.07114
-0.06564
-0.01190
-0.03625
-0.06161
-0.03952
-0.00952
-0.01627
-0.02148
-0.01227
-0.04129
0.00513
0.06415
0.01166
-0.02493
0.02496
0.02722
-0.00162
0.01620
0.03061
0.01099
0.02835
0.05429
0.03152
0.02625
0.02469
0.01562
0.03610
0.06839
0.05731
0.04660
0.03217
0.03265
0.06055
0.06400
0.03735
0.00815
0.02002
0.04474
0.02316
-0.00549
-0.00436
-0.03067
-0.03848
-0.00690
-0.00961
-0.04614
-0.03110
-0.00616
-0.02640
-0.02322
0.00232
-0.01218
-0.01282
0.01025
-0.01114
-0.02783
-0.02811
-0.02258
-0.01620
-0.01581
-0.01624
-0.01437
-0.03851
-0.03073
0.00089
-0.02338
-0.03296
-0.02789
-0.01135
0.00339
-0.00217
-0.00305
-0.02518
-0.04230
-0.01642
0.01288
0.01910
0.01324
-0.00244
-0.03430
-0.02631
0.00058
0.00165
-0.00061
-0.01645
-0.03848
-0.03610
-0.02631
-0.03049
-0.03415
-0.01608
-0.02017
-0.04193
-0.02908
-0.05603
-0.07297
-0.02802
-0.04926
-0.06085
0.00327
-0.02625
-0.07776
-0.02948
-0.02362
-0.03906
-0.01709
-0.02869
-0.04193
-0.00641
0.01709
-0.01248
-0.02640
-0.02945
-0.02930
-0.00482
-0.00079
-0.02304
0.00327
0.01385
-0.03488
-0.03564
-0.01636
-0.01773
-0.00424
0.04633
0.04227
-0.00754
0.00299
0.00006
-0.05557
-0.04141
0.00729
-0.02234
-0.03564
-0.01376
-0.05322
-0.06592
-0.01376
-0.02747
-0.03842
-0.00327
-0.00323
0.00174
-0.00992
-0.05557
-0.02509
0.00784
-0.03506
-0.03406
-0.00186
-0.04950
-0.06458
-0.01578
-0.03537
-0.05649
-0.01794
-0.00009
-0.02652
-0.01349
-0.00818
-0.02298
-0.00327
0.00507
-0.02991
-0.01978
-0.00851
-0.02350
0.01651
0.00064
-0.04727
-0.01224
0.02167
-0.00232
-0.00458
0.00638
-0.01193
-0.01773
0.02597
0.02487
-0.00922
0.00562
0.02106
0.01453
-0.00757
-0.02963
-0.01035
0.01981
0.00446
-0.00299
0.01404
0.00250
-0.01096
0.00766
0.02173
-0.00452
-0.00177
0.02338
-0.00253
-0.01099
-0.01059
-0.03040
-0.02319
0.01282
0.00995
-0.01306
0.00601
0.01135
-0.00626
0.00116
0.00757
0.00131
0.02078
0.02591
0.01196
0.01352
-0.01266
-0.02942
0.00171
0.01840
-0.01468
-0.03333
-0.01956
-0.02411
-0.01996
-0.01678
-0.02719
-0.04382
-0.05313
-0.02719
0.01767
0.00516
-0.04507
-0.04501
-0.02893
-0.04260
-0.04938
-0.03281
-0.01303
-0.02475
-0.03738
-0.01517
-0.02060
-0.02939
-0.00699
0.00482
-0.01022
-0.02060
-0.02814
-0.03363
-0.04288
-0.03738
-0.00775
0.01074
-0.00363
-0.03821
-0.04544
-0.02271
-0.01291
0.00305
0.01398
0.01050
0.03574
0.02701
-0.00461
-0.01208
-0.03491
-0.03043
-0.00388
-0.02972
-0.03476
0.01279
0.02170
-0.00064
0.02203
0.02847
-0.01633
-0.00293
0.06723
0.04739
0.01788
0.04272
0.02496
0.01703
0.02072
-0.00278
-0.00052
0.04083
0.01123
-0.01675
0.02106
0.00064
-0.02692
0.02866
0.06018
0.02167
-0.00659
-0.02515
-0.04208
-0.01080
0.00540
-0.00644
0.01257
-0.01001
-0.02774
0.04422
0.05624
-0.02429
-0.01016
0.04184
0.00763
-0.01315
0.01385
-0.01300
-0.04709
-0.01758
-0.01309
-0.05115
-0.06186
-0.06430
-0.05338
-0.01019
-0.04477
-0.09933
-0.04800
-0.01392
-0.06042
-0.06125
-0.04187
-0.04736
-0.03561
-0.05560
-0.11063
-0.09860
-0.04385
-0.04321
-0.03464
-0.00647
-0.05081
-0.06821
0.00275
0.00592
-0.03674
0.01392
0.06497
0.03876
0.02817
0.02179
-0.02243
-0.01941
0.03873
0.06238
0.07645
0.04929
-0.00153
0.03922
0.04666
0.00412
0.03964
0.06287
0.03592
0.04257
0.06851
0.04977
0.00983
0.01080
0.05469
0.06937
0.05280
0.04578
0.04880
0.07385
0.08820
0.08905
0.08295
0.05811
0.05502
0.12317
0.14169
0.07349
0.05927
0.11212
0.10791
0.07446
0.09424
0.07663
0.00473
0.00055
0.02710
-0.00125
-0.01703
-0.02954
-0.02307
-0.03995
-0.08383
-0.08295
-0.05542
-0.09329
-0.16806
-0.13712
-0.05319
-0.07462
-0.11603
-0.08566
-0.09250
-0.12045
-0.13013
-0.12576
-0.13174
-0.15213
-0.19571
-0.17502
-0.12109
-0.15689
-0.19168
-0.14465
-0.15268
-0.19296
-0.12454
-0.06976
-0.08951
-0.11813
-0.08560
-0.04251
-0.06287
-0.06366
0.02158
0.03317
-0.00854
0.00687
0.02356
0.01898
-0.00058
0.04459
0.09860
0.07507
0.08411
0.12689
0.11682
0.07910
0.07330
0.11243
0.10986
0.09268
0.12082
0.17386
0.21542
0.20877
0.18082
0.17261
0.17044
0.16663
0.18808
0.19446
0.16342
0.14587
0.17300
0.17102
0.14545
0.12283
0.11789
0.12866
0.12506
0.11343
0.08649
0.03915
0.01157
0.02597
0.03113
-0.00204
-0.06656
-0.07764
-0.07626
-0.11328
-0.15292
-0.12445
-0.10791
-0.16760
-0.14856
-0.12439
-0.18082
-0.21814
-0.21310
-0.21240
-0.21933
-0.23514
-0.22919
-0.23370
-0.30771
-0.38821
-0.36401
-0.32114
-0.32751
-0.27274
-0.22653
-0.24496
-0.23013
-0.19623
-0.19241
-0.15659
-0.11871
-0.09637
-0.05499
-0.06482
-0.10706
-0.05811
-0.01727
-0.05203
-0.02734
0.02054
0.00439
0.01996
0.08087
0.10959
0.11209
0.12332
0.13864
0.16483
0.18698
0.14911
0.10876
0.10889
0.11307
0.14761
0.26471
0.30838
0.25598
0.24448
0.27182
0.27103
0.26306
0.26758
0.26883
0.28284
0.29800
0.27246
0.20895
0.15222
0.11542
0.15469
0.18274
0.14978
0.09604
0.08081
0.06702
0.01733
-0.02081
-0.01593
-0.02658
-0.06424
-0.02908
-0.01813
-0.10602
-0.15912
-0.12506
-0.13101
-0.15317
-0.18094
-0.18338
-0.16202
-0.17020
-0.25546
-0.30414
-0.32333
-0.39828
-0.35608
-0.29309
-0.38635
-0.44965
-0.41675
-0.41315
-0.38016
-0.36624
-0.30502
-0.21774
-0.20239
-0.19263
-0.11786
-0.10300
-0.13593
-0.07370
-0.00629
0.01572
-0.00751
-0.03018
-0.02438
0.00186
0.00140
0.03235
0.05563
0.04272
0.07346
0.12347
0.13373
0.15286
0.17349
0.17896
0.20071
0.18344
0.17429
0.19675
0.20267
0.23663
0.33655
0.35403
0.29266
0.29221
0.30508
0.29984
0.31815
0.31845
0.30231
0.28867
0.27383
0.24539
0.22678
0.20175
0.15268
0.15390
0.17645
0.12585
0.05887
0.03607
0.00406
-0.03757
-0.04944
-0.04794
-0.08514
-0.12128
-0.10455
-0.06180
-0.09479
-0.13574
-0.10785
-0.10892
-0.14880
-0.18036
-0.14651
-0.11923
-0.17868
-0.21750
-0.24344
-0.31375
-0.37668
-0.38104
-0.37222
-0.43716
-0.47464
-0.43634
-0.39194
-0.35431
-0.32663
-0.29538
-0.26965
-0.26962
-0.21225
-0.11954
-0.10159
-0.07977
-0.02872
-0.01099
-0.00925
-0.00165
0.02863
0.04721
0.05374
0.08990
0.10620
0.10251
0.10974
0.13062
0.16483
0.17627
0.16241
0.16486
0.16757
0.15280
0.14847
0.16495
0.16309
0.20837
0.31430
0.35553
0.31354
0.29944
0.30350
0.30856
0.32379
0.31631
0.31583
0.32712
0.31003
0.26202
0.23001
0.18515
0.18570
0.20496
0.18198
0.13547
0.12427
0.06949
-0.02219
-0.02533
0.00034
-0.00394
-0.04504
-0.06165
-0.04346
-0.01013
-0.03030
-0.07147
-0.12698
-0.18304
-0.18814
-0.14798
-0.17270
-0.28302
-0.35754
-0.32950
-0.31378
-0.43570
-0.47589
-0.44690
-0.45062
-0.41748
-0.37891
-0.37772
-0.36844
-0.31839
-0.23325
-0.13617
-0.16870
-0.23990
-0.17432
-0.11252
-0.10977
-0.00024
0.07565
-0.03305
-0.03876
0.05090
0.02396
-0.01260
0.00491
0.04633
0.10413
0.10773
0.08536
0.08420
0.05762
0.07108
0.16760
0.20435
0.16360
0.16681
0.19437
0.21710
0.18805
0.17673
0.22620
0.21683
0.21719
0.29535
0.35629
0.30417
0.22845
0.22894
0.29675
0.33826
0.28873
0.26050
0.27847
0.22119
0.14041
0.14334
0.10583
0.09644
0.14316
0.13013
0.08548
0.01312
-0.06677
-0.05765
0.00534
-0.02478
0.04181
0.16034
0.05710
-0.04114
0.02936
-0.07050
-0.17972
-0.08694
-0.12509
-0.22198
-0.27728
-0.35947
-0.39804
-0.40375
-0.51782
-0.50626
-0.39346
-0.45218
-0.42993
-0.37146
-0.45596
-0.42084
-0.28812
-0.28604
-0.26001
-0.24109
-0.28915
-0.23206
-0.16010
-0.19183
-0.11307
-0.01080
-0.03458
-0.03970
-0.06030
-0.06073
0.02060
0.01065
-0.00296
0.07419
0.04227
0.01825
0.02521
-0.00104
0.01846
0.07706
0.09369
0.12939
0.16028
0.15814
0.21780
0.25177
0.20068
0.22787
0.30725
0.26581
0.27490
0.29318
0.21857
0.21341
0.23004
0.18756
0.23245
0.26227
0.22128
0.23627
0.24243
0.15100
0.13989
0.15790
0.10202
0.12613
0.14734
0.10608
0.10413
0.09549
0.02884
0.07678
0.08276
0.04492
0.07834
0.06775
0.02097
0.06497
0.12747
0.09995
0.10809
0.06985
-0.00742
0.01736
-0.07034
-0.21429
-0.15134
-0.12814
-0.24829
-0.32330
-0.34131
-0.36169
-0.41733
-0.46500
-0.45996
-0.42258
-0.41864
-0.43326
-0.35764
-0.35376
-0.39502
-0.36292
-0.32101
-0.30182
-0.24884
-0.21518
-0.16562
-0.12860
-0.20755
-0.20663
-0.12256
-0.08936
-0.12375
-0.07547
0.00018
0.02139
0.00775
0.00363
0.00229
-0.02679
-0.00620
0.09485
0.12497
0.05035
0.06772
0.11026
0.12045
0.14072
0.16003
0.19049
0.24380
0.25928
0.27933
0.30960
0.28833
0.26538
0.28244
0.30640
0.27786
0.23141
0.19287
0.18805
0.17365
0.15204
0.18320
0.19064
0.12201
0.12851
0.17343
0.15201
0.13751
0.11768
0.09119
0.09753
0.11838
0.11526
0.11691
0.09964
0.10254
0.13657
0.11450
0.02563
0.02429
0.09967
0.14273
0.19519
0.19116
0.03287
-0.05478
0.04990
0.10880
0.05682
-0.04797
-0.11453
-0.10971
-0.14243
-0.22122
-0.26099
-0.31897
-0.34296
-0.27850
-0.25827
-0.36020
-0.40283
-0.41083
-0.42969
-0.40533
-0.39496
-0.39417
-0.35178
-0.34659
-0.35532
-0.28308
-0.32346
-0.34479
-0.23874
-0.17242
-0.19830
-0.15259
-0.15295
-0.15149
-0.09119
-0.08810
-0.05847
0.00043
-0.00446
0.03568
0.15814
0.11694
0.06598
0.07132
0.07553
0.11557
0.18649
0.14221
0.11819
0.16748
0.15256
0.16385
0.19254
0.17816
0.20831
0.28857
0.27426
0.26971
0.27399
0.24927
0.27509
0.30167
0.25021
0.23151
0.23679
0.18082
0.12247
0.10132
0.09927
0.10553
0.11667
0.12466
0.14832
0.12109
0.05484
0.06671
0.09265
0.07123
0.08249
0.10217
0.10986
0.13019
0.08856
0.06021
0.07993
0.04675
0.08563
0.24200
0.27222
0.12622
0.10001
0.09381
0.04773
0.08603
0.06012
-0.04691
-0.05646
-0.08762
-0.19818
-0.22656
-0.26193
-0.31921
-0.31009
-0.28180
-0.35193
-0.35458
-0.37631
-0.43307
-0.41275
-0.35428
-0.38403
-0.37894
-0.32526
-0.37439
-0.35651
-0.29333
-0.26974
-0.26099
-0.23300
-0.23688
-0.15927
-0.15234
-0.20715
-0.16675
-0.09067
-0.12100
-0.10056
-0.03711
-0.05667
-0.01324
0.02429
0.01660
0.09531
0.20349
0.11343
0.07407
0.15683
0.18341
0.16867
0.21027
0.15921
0.11124
0.18909
0.20914
0.20435
0.22186
0.16983
0.18726
0.30560
0.25839
0.22427
0.27234
0.21558
0.18607
0.25583
0.13974
0.02533
0.09412
0.09525
0.08679
0.08994
0.02072
0.04013
0.12177
0.04715
0.05844
0.13654
0.06564
0.04163
0.08807
0.06735
0.03827
0.04248
0.01630
0.07245
0.09143
0.02533
0.07352
0.20755
0.13992
0.02673
0.10873
0.14792
0.09299
0.03778
-0.02698
-0.12906
-0.16891
-0.15408
-0.12134
-0.19574
-0.27493
-0.27905
-0.27737
-0.32846
-0.33755
-0.26923
-0.33344
-0.36230
-0.29910
-0.28784
-0.36115
-0.40054
-0.40067
-0.31973
-0.27460
-0.29288
-0.28604
-0.27963
-0.24902
-0.20087
-0.15302
-0.16821
-0.18408
-0.14554
-0.06238
-0.00998
-0.03006
-0.05920
-0.00354
0.06458
0.09229
0.07315
0.04404
0.08044
0.14871
0.14960
0.13229
0.14191
0.11462
0.12708
0.19128
0.18701
0.15912
0.16809
0.17877
0.22137
0.23764
0.21021
0.22583
0.24875
0.21829
0.21701
0.20486
0.13657
0.11157
0.11517
0.09879
0.08777
0.09286
0.09534
0.10977
0.14197
0.09778
0.07950
0.09006
0.04715
0.03986
0.09808
0.10062
0.06668
0.05731
0.02054
0.01999
0.05640
0.02362
-0.00320
0.13934
0.19769
0.14828
0.10995
0.09177
0.04922
0.06671
0.05005
0.01697
0.00290
-0.12756
-0.15198
-0.04660
-0.15598
-0.37509
-0.25607
-0.19946
-0.28680
-0.27640
-0.25366
-0.33194
-0.35995
-0.32553
-0.27194
-0.28137
-0.39975
-0.35181
-0.22473
-0.28241
-0.38461
-0.27444
-0.21442
-0.21927
-0.18304
-0.15982
-0.11826
-0.10986
-0.13870
-0.05252
0.00961
-0.06638
-0.01660
0.11926
0.06638
0.02066
0.06613
0.03534
0.02469
0.08676
0.13306
0.11444
0.09741
0.07672
0.10809
0.15631
0.16025
0.18906
0.24283
0.22632
0.20554
0.26141
0.26678
0.23471
0.26532
0.26675
0.22549
0.21344
0.17053
0.11658
0.12589
0.10059
0.08636
0.17578
0.15454
0.09677
0.13510
0.15390
0.10831
0.09509
0.08987
0.05374
0.07758
0.09384
0.09222
0.07608
-0.02008
-0.05270
0.06726
0.11221
0.12521
0.20447
0.19235
0.09296
0.06360
0.04761
0.05930
0.09238
0.02307
0.02710
-0.03479
-0.17258
-0.16287
-0.17813
-0.28485
-0.22784
-0.17310
-0.30838
-0.32385
-0.25043
-0.35394
-0.36249
-0.28766
-0.40540
-0.36755
-0.28009
-0.35358
-0.31635
-0.31824
-0.37720
-0.24619
-0.18478
-0.26276
-0.19601
-0.11728
-0.17355
-0.12476
-0.07465
-0.12048
-0.07153
-0.00793
0.00378
0.04550
0.03159
0.00537
0.04492
0.05057
0.07080
0.08823
0.09671
0.13150
0.14209
0.11365
0.10004
0.09698
0.13248
0.19650
0.19211
0.19589
0.20340
0.18073
0.20392
0.25848
0.23630
0.22934
0.25729
0.21536
0.17731
0.16882
0.11871
0.10873
0.14368
0.13812
0.16602
0.14587
0.11646
0.07986
0.09467
0.09500
0.07294
0.08652
0.09854
0.07535
0.03372
0.02942
0.01743
0.03207
0.01013
0.05557
0.06213
0.12408
0.18240
0.15433
0.06418
0.02734
0.06143
0.05539
0.04898
0.01132
-0.02243
-0.08627
-0.11545
-0.21506
-0.23685
-0.25595
-0.27704
-0.24622
-0.25299
-0.29025
-0.33774
-0.35452
-0.35910
-0.36426
-0.36209
-0.31332
-0.35236
-0.33743
-0.29541
-0.29239
-0.30481
-0.30661
-0.26920
-0.17627
-0.11960
-0.18460
-0.17532
-0.14233
-0.14337
-0.11688
-0.01721
-0.01990
-0.03494
0.04617
0.04855
0.00601
-0.00983
0.03018
0.09943
0.13892
0.09503
0.08920
0.10626
0.08160
0.10629
0.16489
0.14767
0.13025
0.20126
0.21829
0.19504
0.23538
0.23444
0.21628
0.26297
0.24203
0.18723
0.21371
0.16605
0.11990
0.15335
0.09216
0.06046
0.13428
0.15137
0.10040
0.10263
0.05624
0.04297
0.12051
0.10324
0.08096
0.10394
0.05896
0.03955
0.09109
0.00836
-0.03961
0.05203
0.11652
0.14124
0.16788
0.09103
0.01288
0.08417
0.09329
0.06918
0.03293
-0.03439
-0.06079
-0.07465
-0.15997
-0.21902
-0.22415
-0.26825
-0.25052
-0.22858
-0.28424
-0.32950
-0.30554
-0.31238
-0.31177
-0.31607
-0.31976
-0.28259
-0.31528
-0.34552
-0.29669
-0.31009
-0.37064
-0.27420
-0.20187
-0.20969
-0.19147
-0.18073
-0.15216
-0.12549
-0.10806
-0.05301
0.00943
-0.03345
-0.01456
0.06693
0.02567
-0.02606
0.03183
0.06332
0.08246
0.12125
0.08951
0.11121
0.12292
0.08377
0.13940
0.18146
0.14691
0.20059
0.25610
0.21414
0.18503
0.22028
0.24564
0.23224
0.24683
0.28159
0.26007
0.19290
0.14960
0.13806
0.13004
0.14667
0.14447
0.13547
0.12253
0.09225
0.10034
0.11823
0.07837
0.05804
0.11932
0.09714
0.07007
0.08475
0.06558
0.03442
0.06384
0.06744
0.07791
0.17468
0.22076
0.14301
0.07678
0.05933
0.06567
0.08862
0.03763
0.02103
0.06119
-0.01471
-0.14526
-0.13434
-0.23898
-0.32242
-0.18845
-0.17871
-0.30493
-0.26553
-0.27298
-0.34302
-0.31534
-0.33850
-0.34259
-0.28342
-0.30206
-0.32803
-0.25867
-0.30890
-0.29382
-0.18741
-0.21298
-0.23041
-0.12552
-0.14407
-0.18555
-0.12256
-0.09332
-0.06903
-0.01593
-0.00928
-0.03104
0.01041
0.00708
-0.00589
0.05392
0.07062
0.06845
0.11929
0.11420
0.10806
0.12589
0.10403
0.09589
0.15005
0.16281
0.14517
0.16473
0.17969
0.17892
0.20743
0.21588
0.19760
0.21762
0.25519
0.24576
0.18463
0.15387
0.16687
0.16721
0.14001
0.13467
0.12646
0.11975
0.10950
0.13168
0.13126
0.06223
0.06210
0.13080
0.16669
0.09283
0.03262
0.04529
0.04788
0.02975
0.03421
0.07660
0.11157
0.18564
0.15701
0.03979
0.02365
0.06891
0.06146
0.10275
0.06955
-0.04739
-0.02728
-0.07092
-0.17880
-0.16245
-0.16785
-0.25308
-0.21078
-0.22485
-0.28876
-0.27258
-0.29169
-0.34158
-0.29794
-0.29642
-0.32721
-0.27393
-0.33603
-0.37668
-0.28683
-0.30740
-0.34662
-0.22617
-0.20798
-0.22034
-0.17532
-0.18509
-0.16724
-0.11130
-0.11295
-0.07376
-0.00238
-0.03574
0.01248
0.05298
-0.02661
-0.00345
0.06503
0.04407
0.08014
0.11133
0.07639
0.11014
0.11255
0.07468
0.11429
0.12439
0.12738
0.18805
0.17850
0.15512
0.16882
0.16611
0.18100
0.22662
0.22769
0.20523
0.19806
0.17618
0.13644
0.12015
0.12521
0.12476
0.11102
0.09836
0.10800
0.12109
0.10577
0.08160
0.09485
0.08826
0.09601
0.09424
0.05518
0.03833
0.01709
0.00705
0.02896
0.01398
0.01062
0.06842
0.15726
0.15961
0.05267
0.01871
0.06677
0.08585
0.07028
0.07327
-0.00708
-0.06223
-0.04312
-0.09973
-0.16833
-0.20621
-0.27631
-0.24771
-0.16153
-0.25406
-0.31512
-0.26941
-0.29752
-0.31961
-0.28842
-0.32254
-0.32776
-0.27460
-0.28998
-0.29230
-0.28311
-0.33371
-0.26263
-0.16641
-0.21960
-0.19119
-0.13324
-0.17313
-0.14532
-0.08459
-0.08752
-0.03473
-0.00281
-0.03018
-0.00867
-0.02206
-0.03705
0.02765
0.06934
0.04620
0.07153
0.10120
0.08975
0.09439
0.10565
0.11526
0.14307
0.16907
0.19806
0.20444
0.16843
0.18042
0.20062
0.18329
0.18976
0.22253
0.22595
0.21124
0.17801
0.14084
0.13654
0.13760
0.12714
0.10913
0.10318
0.10913
0.11768
0.10345
0.08347
0.08356
0.08527
0.09109
0.09094
0.07819
0.03525
0.00204
0.04456
0.05792
0.03391
0.04904
0.09589
0.12003
0.10971
0.08954
0.05353
0.03833
0.04816
0.07883
0.05762
-0.01730
-0.06445
-0.04477
-0.09189
-0.20407
-0.18326
-0.13950
-0.22336
-0.24591
-0.17651
-0.23993
-0.29694
-0.26041
-0.26801
-0.28177
-0.28442
-0.31500
-0.28238
-0.28000
-0.33112
-0.27963
-0.23999
-0.28851
-0.22076
-0.13293
-0.19211
-0.16708
-0.09686
-0.12088
-0.09473
-0.04202
-0.03925
0.02435
0.02109
-0.03473
0.04141
0.04813
-0.02344
0.04425
0.09964
0.05310
0.08694
0.12122
0.08499
0.09286
0.13208
0.13321
0.17087
0.17712
0.14285
0.19351
0.22333
0.17484
0.19235
0.23322
0.18750
0.21704
0.25897
0.20297
0.17746
0.20099
0.17487
0.15955
0.14450
0.12390
0.13788
0.12836
0.09863
0.09161
0.07367
0.04385
0.06494
0.07498
0.06430
0.03070
0.04315
0.06631
0.04782
0.04196
0.04327
0.02240
0.01291
0.07788
0.14423
0.06494
-0.00452
0.04526
0.06363
0.01675
-0.01031
-0.01859
-0.05295
-0.06415
-0.11380
-0.13416
-0.16968
-0.22812
-0.18018
-0.15863
-0.27750
-0.30530
-0.22980
-0.27011
-0.29068
-0.24915
-0.25610
-0.29007
-0.28088
-0.26590
-0.25119
-0.24155
-0.28833
-0.23825
-0.14505
-0.17844
-0.17603
-0.10208
-0.13254
-0.14615
-0.03183
-0.03622
-0.06668
0.00629
0.02960
0.01831
0.04010
0.02524
0.01590
0.07828
0.09625
0.09433
0.10660
0.10492
0.10257
0.14075
0.14090
0.09244
0.13846
0.18909
0.15485
0.17331
0.19080
0.14459
0.17419
0.22147
0.17444
0.18127
0.23193
0.17627
0.15707
0.19446
0.12549
0.09576
0.16556
0.11871
0.07043
0.10242
0.05368
0.03497
0.10669
0.08145
0.03247
0.03757
0.03336
0.03607
0.03494
-0.00684
0.01791
0.03543
-0.00214
-0.00253
0.01987
-0.00604
-0.04718
0.08115
0.11676
-0.02130
-0.00861
0.03491
-0.05331
-0.02127
-0.00156
-0.06171
-0.06873
-0.09891
-0.11533
-0.08408
-0.13440
-0.20990
-0.20728
-0.15277
-0.18365
-0.24310
-0.15057
-0.23422
-0.27512
-0.18073
-0.25314
-0.29749
-0.21497
-0.22586
-0.25336
-0.22778
-0.21078
-0.23520
-0.20547
-0.11252
-0.12851
-0.11832
-0.09781
-0.08221
-0.06067
-0.04556
-0.03210
-0.03738
0.00433
0.04379
0.02036
0.05350
0.03427
0.02679
0.06882
0.09222
0.12082
0.05466
0.06589
0.17499
0.11697
0.07144
0.16397
0.11966
0.14841
0.14749
0.09540
0.17267
0.21878
0.04230
0.10721
0.37015
0.07101
0.06653
0.29346
0.06125
0.09445
0.19611
0.06915
0.07489
0.03278
0.16049
0.08414
-0.11179
0.10815
0.14481
-0.05237
-0.02521
0.16238
-0.02512
-0.06412
0.15353
-0.11752
0.00430
0.04898
-0.06427
-0.02655
-0.05530
0.16513
-0.24664
-0.09387
0.15445
-0.08447
-0.15137
0.04880
0.10025
-0.22784
-0.04688
0.06503
-0.12350
-0.20981
0.02548
-0.10492
-0.17288
-0.03659
-0.18369
-0.18219
-0.12625
-0.08102
-0.17914
-0.21658
-0.09186
-0.14874
-0.20520
-0.16983
-0.11063
-0.18857
-0.18134
-0.13574
-0.14890
-0.14679
-0.16623
-0.13736
-0.14746
-0.05984
-0.07150
-0.15555
-0.04529
0.00983
-0.14795
0.00793
0.06659
-0.14984
0.02457
0.13174
-0.09329
0.02795
0.12555
0.01385
-0.00482
0.12817
0.07291
0.01651
0.12714
0.10733
0.05344
0.07336
0.20215
0.00119
0.12451
0.21469
-0.00830
0.16986
0.22650
-0.08850
0.23236
0.23322
-0.04584
0.16373
0.14377
0.14487
0.03741
0.11768
0.04318
0.10974
0.12381
-0.08627
0.17441
0.13742
-0.14642
0.11432
0.21027
-0.13232
-0.01089
0.13727
0.04492
-0.07193
-0.00476
0.09323
-0.06070
-0.05319
0.02466
-0.01389
-0.01910
-0.04739
-0.02832
-0.01300
-0.04199
-0.04529
-0.03961
-0.02051
-0.06250
-0.06024
-0.08890
-0.06122
-0.06403
-0.09518
-0.08344
-0.10693
-0.08893
-0.11798
-0.10959
-0.10461
-0.11621
-0.10321
-0.10745
-0.12103
-0.09784
-0.09656
-0.10980
-0.10098
-0.07443
-0.08054
-0.10294
-0.08203
-0.05991
-0.06970
-0.06741
-0.06122
-0.06345
-0.02414
-0.03806
-0.03836
-0.01208
-0.00342
-0.01740
0.02264
0.01620
0.01163
0.03757
0.02817
0.07126
0.02173
0.04443
0.06784
0.06284
0.08435
0.06854
0.06900
0.05649
0.10071
0.09265
0.07709
0.10690
0.08429
0.09650
0.09091
0.07758
0.11435
0.04388
0.07523
0.11740
0.02554
0.07584
0.08884
0.02969
0.06845
0.07034
0.03171
0.07095
0.08176
0.03351
0.04749
0.06073
0.04974
0.04398
0.01541
0.02905
0.04095
0.02261
0.00153
0.00327
0.01035
-0.00772
-0.01401
-0.01636
-0.01984
-0.02786
-0.02625
-0.04172
-0.04886
-0.04938
-0.06094
-0.06223
-0.07761
-0.06693
-0.07736
-0.08942
-0.08475
-0.09387
-0.09570
-0.09723
-0.09695
-0.09668
-0.10446
-0.11514
-0.09232
-0.10748
-0.09579
-0.08896
-0.09601
-0.07172
-0.07507
-0.07336
-0.06952
-0.05548
-0.05975
-0.05045
-0.04294
-0.05341
-0.03799
-0.02701
-0.03015
-0.01315
-0.01205
0.00046
0.01395
0.00943
0.01746
0.02518
0.03125
0.03259
0.05118
0.04968
0.06009
0.05685
0.03522
0.06287
0.07361
0.05222
0.04953
0.06799
0.08603
0.06564
0.04852
0.07199
0.06702
0.05368
0.05493
0.05096
0.06067
0.06155
0.04605
0.03326
0.05142
0.05081
0.02914
0.04416
0.03281
0.02582
0.04614
0.02496
0.00562
0.01556
0.02240
0.02023
0.01038
0.01511
-0.00168
-0.01303
0.00958
-0.00186
-0.01437
-0.01151
-0.01419
-0.01968
-0.01990
-0.02713
-0.02423
-0.02768
-0.04199
-0.03815
-0.04938
-0.05765
-0.05023
-0.05038
-0.05191
-0.05923
-0.07602
-0.07587
-0.06848
-0.06958
-0.07428
-0.06967
-0.07346
-0.06732
-0.07227
-0.07611
-0.06964
-0.08710
-0.06787
-0.05826
-0.07596
-0.08356
-0.06192
-0.04800
-0.06573
-0.05420
-0.02759
-0.04355
-0.06058
-0.02893
-0.02524
-0.03455
-0.01578
-0.01947
-0.02084
-0.00705
-0.01123
-0.01608
0.00113
0.00809
0.00388
0.00656
0.01566
0.02274
0.01779
0.03104
0.04239
0.03778
0.03766
0.04193
0.03775
0.04297
0.05594
0.03629
0.03491
0.04623
0.03464
0.03192
0.03601
0.04007
0.02667
0.01920
0.02191
0.02859
0.01431
0.02011
0.02255
0.00659
0.01215
0.01166
0.01575
-0.00418
0.00974
0.02026
0.00067
0.00964
0.00275
-0.00470
0.00232
0.00009
-0.00235
-0.00565
-0.00290
-0.00461
-0.00949
-0.01013
-0.00854
-0.01364
-0.00412
-0.01337
-0.02676
-0.01910
-0.03845
-0.02917
-0.02570
-0.03214
-0.04904
-0.04767
-0.03680
-0.04385
-0.03894
-0.04520
-0.03860
-0.03607
-0.03571
-0.03391
-0.02243
-0.03256
-0.02655
-0.01941
-0.02765
-0.02188
-0.02802
-0.01730
-0.01657
-0.02347
-0.01559
-0.01547
-0.01544
-0.00784
-0.01108
-0.01291
-0.01041
-0.01797
-0.00330
-0.00110
-0.00323
0.01050
0.00043
0.00351
-0.00104
0.00635
0.01306
0.01514
0.01178
0.01105
0.01102
0.00717
0.02283
0.01505
0.02335
0.02216
0.02078
0.02896
0.01779
0.02963
0.04022
0.02698
0.02188
0.02133
0.02753
0.02362
0.02573
0.02594
0.02289
0.01758
0.01825
0.01849
0.01151
0.01416
0.00659
0.01257
0.00723
0.00854
0.00412
-0.00235
0.00665
-0.00378
-0.01236
-0.00430
-0.00696
-0.00327
-0.00668
-0.00873
-0.00659
-0.02112
-0.02011
-0.01257
-0.01297
-0.01254
-0.01450
-0.02423
-0.02029
-0.01584
-0.02417
-0.02765
-0.02054
-0.02817
-0.03073
-0.03180
-0.03003
-0.02838
-0.03543
-0.02145
-0.01624
-0.02768
-0.01443
-0.01846
-0.01968
0.00089
-0.01297
-0.01254
-0.00507
-0.00751
0.00427
0.00888
-0.00311
0.00714
0.00525
0.00305
0.00574
0.00552
0.00870
-0.00388
0.00229
0.00497
0.00769
0.00815
0.00067
0.00195
0.00528
0.00885
0.01205
-0.00098
0.00357
0.01578
0.00739
0.01114
0.01721
0.01041
0.01508
0.02249
0.01889
0.00812
0.01163
0.03036
0.02100
0.02115
0.02173
0.01425
0.00415
0.00519
0.01529
0.01096
0.01068
0.00519
0.00052
0.00293
0.00769
0.00015
-0.00531
0.00513
0.00681
-0.00305
-0.00159
0.00647
-0.00168
0.00278
0.01114
-0.00226
-0.00125
0.00183
-0.00177
-0.00879
-0.01605
-0.00760
-0.02002
-0.02866
-0.02313
-0.02551
-0.02786
-0.03403
-0.03531
-0.03555
-0.03635
-0.03577
-0.03043
-0.03592
-0.03738
-0.03217
-0.03708
-0.03711
-0.02930
-0.02451
-0.01901
-0.01920
-0.02576
-0.02402
-0.02017
-0.00952
-0.00787
-0.00192
-0.00189
-0.01068
-0.01096
-0.01511
-0.00027
-0.00186
-0.00229
0.01160
0.00128
-0.00214
0.00656
0.01117
0.00650
0.00470
0.01114
0.00504
0.00388
0.00876
0.01755
0.00455
0.00381
0.01376
-0.00751
0.00211
0.00101
0.00165
0.00684
0.00055
0.00906
0.00858
0.00510
-0.00140
0.00357
0.00757
-0.00491
-0.00684
0.00266
-0.00650
-0.00354
-0.00650
-0.00775
-0.00256
-0.00858
-0.00406
-0.00543
0.00427
0.00339
-0.00888
-0.01093
-0.00256
-0.00320
-0.01273
-0.01321
-0.01797
-0.02106
-0.02368
-0.02203
-0.00769
-0.01645
-0.01901
-0.01086
-0.02463
-0.01953
-0.02383
-0.02927
-0.03140
-0.03232
-0.04166
-0.04666
-0.02997
-0.04108
-0.04501
-0.03824
-0.03244
-0.03116
-0.03244
-0.02707
-0.03006
-0.03043
-0.02097
-0.02100
-0.02173
-0.01535
-0.01886
-0.02271
-0.02036
-0.02502
-0.01370
-0.00513
-0.00214
0.00931
-0.00159
0.00034
-0.00092
0.00497
0.00580
0.00806
0.00467
-0.00299
0.00952
0.00549
0.01218
0.01010
0.00714
0.00620
0.00726
0.01581
0.01151
0.01270
0.01877
0.01587
0.01187
0.01074
0.01340
0.01447
0.01651
0.01535
0.01132
0.01157
0.00720
0.00577
0.00412
0.00748
0.00259
0.00400
-0.00830
-0.00784
-0.00452
-0.01483
-0.01291
-0.01617
-0.00934
-0.01758
-0.01569
-0.00668
-0.00870
-0.01266
-0.00769
-0.00439
-0.01337
-0.00598
0.00101
-0.00620
-0.00168
0.00311
-0.00220
-0.00964
0.00458
0.00174
-0.00620
-0.00082
0.00000
-0.00107
-0.01978
-0.00793
-0.00827
-0.01480
-0.01367
-0.01596
-0.01703
-0.02069
-0.01529
-0.02081
-0.01324
-0.01633
-0.01474
-0.00778
-0.00964
-0.00586
-0.01041
-0.00577
0.00095
-0.00092
-0.00320
0.00470
0.00418
-0.00027
0.01358
0.01068
0.00964
0.01276
0.00836
0.00742
0.00964
0.01431
0.01285
0.00577
0.01038
0.01257
0.00330
0.00912
0.01379
0.00735
0.01236
0.00735
0.00296
0.01309
0.00967
0.00540
0.00427
0.00763
0.00195
0.00137
0.00604
0.00781
0.00674
0.00772
0.01492
0.00290
0.00381
0.00519
0.00024
0.01517
0.01892
0.01047
0.00772
0.00851
0.00626
0.00345
0.00159
0.00366
0.00064
-0.00467
-0.00711
-0.00293
0.00668
-0.00247
0.00195
0.01074
0.00287
0.00363
0.00497
-0.00369
-0.00281
0.00632
0.00391
-0.00183
0.00516
0.00873
0.00378
0.00092
0.00385
0.00790
0.00699
0.00879
-0.00305
-0.00354
0.00095
-0.00250
0.00061
-0.00015
-0.00232
-0.00339
-0.00195
-0.00156
-0.00510
-0.00244
0.00482
0.00119
0.00259
-0.00101
-0.00140
0.00027
-0.00375
-0.00552
-0.00031
-0.00488
-0.00592
0.00439
0.00177
-0.00146
0.00400
0.00214
-0.00540
-0.00143
-0.00116
0.00305
-0.00116
-0.00204
-0.00522
-0.01492
-0.01318
-0.01404
-0.01077
-0.00781
-0.00659
-0.00433
-0.00592
-0.00830
-0.01712
-0.01257
-0.00458
-0.00531
-0.00549
-0.01352
-0.01721
-0.01617
-0.01450
-0.01544
-0.01599
-0.01822
-0.01483
-0.01181
-0.01559
-0.01450
-0.01920
-0.02051
-0.01813
-0.01871
-0.01938
-0.01865
-0.01407
-0.01083
-0.01657
-0.01514
-0.01279
-0.01511
-0.00528
-0.00424
-0.00464
0.00006
-0.00681
-0.00647
-0.00125
-0.00510
-0.00583
-0.00287
-0.00308
-0.00464
-0.00580
-0.00430
-0.00482
-0.00986
-0.00571
-0.00684
-0.00522
0.00253
-0.00522
-0.01047
-0.00821
-0.00391
-0.00909
-0.00916
-0.00812
-0.00589
-0.00787
-0.01215
-0.00488
-0.01120
-0.01187
-0.00690
-0.00714
-0.01227
-0.01334
-0.00925
-0.01218
-0.01682
-0.01682
-0.01196
-0.01685
-0.01343
-0.00720
-0.01480
-0.00903
-0.00458
-0.01135
-0.01123
-0.01260
-0.00824
-0.00488
-0.01282
-0.01376
-0.01041
-0.01266
-0.01245
-0.01379
-0.00977
-0.00793
-0.01544
-0.01898
-0.01617
-0.01471
-0.01828
-0.01791
-0.01874
-0.01437
-0.01547
-0.01752
-0.01294
-0.01559
-0.01404
-0.01678
-0.01535
-0.01004
-0.01007
-0.01450
-0.01498
-0.01703
-0.01682
-0.00906
-0.01260
-0.01715
-0.01169
-0.00516
-0.00571
-0.00879
-0.00375
0.00189
-0.00101
-0.00073
0.00635
0.00272
0.00262
0.01004
0.00183
0.00269
0.00543
0.00848
0.01013
0.00687
0.01074
0.00284
-0.00061
-0.00024
0.00006
0.00104
0.00122
0.00070
-0.00436
-0.00516
-0.00845
-0.00946
-0.00632
-0.00021
0.00192
-0.00027
0.00259
0.00623
0.00452
0.00299
0.00598
0.00336
-0.00085
0.00006
0.00345
0.00348
0.00165
0.00192
-0.00034
-0.00287
-0.00323
-0.00223
-0.00391
-0.00354
-0.00104
-0.00647
-0.00861
-0.00534
-0.00800
-0.01089
-0.00943
-0.00653
-0.00842
-0.01080
-0.00717
-0.00510
-0.00623
-0.00781
-0.00369
0.00168
0.00461
0.00333
0.00153
0.00314
-0.00006
0.00308
0.00259
0.00330
0.01044
0.00629
0.00238
0.00830
0.00940
0.00839
0.01526
0.01611
0.00699
0.01324
0.01584
0.01068
0.01239
0.01239
0.01572
0.01636
0.01999
0.02020
0.02020
0.02402
0.02301
0.02301
0.02631
0.02304
0.02133
0.02441
0.01675
0.01477
0.01605
0.01053
0.00754
0.00809
0.00717
0.00702
0.00903
0.00711
0.00534
0.00516
0.00333
0.00699
0.00415
0.00165
-0.00113
0.00201
0.00479
-0.00238
0.00006
-0.00223
-0.00522
-0.00565
-0.00690
-0.00958
-0.01083
-0.00940
-0.00833
-0.01135
-0.01083
-0.01013
-0.00958
-0.00659
-0.00885
-0.01102
-0.01373
-0.01331
-0.01102
-0.00522
-0.00333
-0.00562
-0.00937
-0.00974
-0.00613
-0.00549
-0.00449
-0.00461
-0.00925
-0.00763
-0.00732
-0.00732
-0.00751
-0.00848
-0.00403
-0.00070
-0.00223
-0.00262
0.00244
0.00143
-0.00256
-0.00342
0.00092
0.00247
0.00143
0.00299
0.00229
0.00162
-0.00107
0.00098
0.00500
0.00211
0.00375
0.00555
0.00244
0.00089
0.00717
0.00742
0.00266
0.00403
0.00711
0.00806
0.00922
0.01001
0.00757
0.00946
0.01050
0.01184
0.01263
0.00998
0.01157
0.00964
0.01025
0.00885
0.00177
0.00177
0.00122
-0.00015
-0.00195
-0.00546
-0.00793
-0.01056
-0.01019
-0.01135
-0.01297
-0.01724
-0.01627
-0.01410
-0.01620
-0.01450
-0.01508
-0.01727
-0.01727
-0.01434
-0.01483
-0.01776
-0.01566
-0.01245
-0.01492
-0.01721
-0.01260
-0.01288
-0.01163
-0.01053
-0.00824
-0.00708
-0.00903
-0.01184
-0.01062
-0.00894
-0.01041
-0.01224
-0.01624
-0.01822
-0.01868
-0.01819
-0.01480
-0.01434
-0.01648
-0.01566
-0.01855
-0.01740
-0.01483
-0.01361
-0.01297
-0.01517
-0.01480
-0.01627
-0.01843
-0.01569
-0.01611
-0.01852
-0.01727
-0.01501
-0.01437
-0.01407
-0.01346
-0.01340
-0.01184
-0.00479
-0.00220
-0.00604
-0.00406
-0.00470
-0.00281
-0.00162
-0.00314
-0.00146
0.00314
0.00427
0.00336
0.00690
0.00818
0.00827
0.00574
0.00705
0.00830
0.00577
0.00470
0.00485
0.00540
0.00336
-0.00009
-0.00211
-0.00131
-0.00018
-0.00168
-0.00790
-0.00818
-0.00790
-0.00772
-0.00723
-0.01111
-0.00986
-0.00940
-0.01016
-0.00937
-0.01065
-0.01340
-0.01425
-0.01367
-0.01147
-0.01166
-0.01166
-0.00992
-0.01035
-0.01239
-0.01593
-0.01642
-0.01410
-0.01111
-0.01053
-0.00983
-0.00528
-0.00418
-0.00534
-0.00497
-0.00488
-0.00632
-0.00638
-0.00565
-0.00607
-0.00827
-0.01236
-0.01260
-0.00986
-0.00967
-0.00958
-0.00928
-0.00824
-0.00720
-0.00595
-0.00522
-0.00671
-0.00598
-0.00626
-0.00558
-0.00455
-0.00766
-0.00726
-0.00671
-0.00583
-0.00372
-0.00095
-0.00162
-0.00055
0.00235
0.00366
0.00079
0.00354
0.00696
0.00443
0.00430
0.00504
0.00476
0.00449
0.00549
0.00491
0.00604
0.00693
0.00687
0.00464
0.00732
0.00998
0.00916
0.00882
0.01019
0.01227
0.01245
0.01352
0.01257
0.01355
0.01294
0.01276
0.01462
0.01367
0.01157
0.01205
0.01276
0.00955
0.00638
0.00552
0.00528
0.00800
0.01025
0.00858
0.00577
0.00708
0.00467
0.00409
0.00739
0.00653
0.00711
0.00790
0.00876
0.00803
0.00555
0.00195
0.00156
0.00604
0.00763
0.00580
0.00595
0.00595
0.00793
0.00671
0.00430
0.00369
0.00266
0.00424
0.00220
0.00137
-0.00159
-0.00412
-0.00006
0.00137
-0.00058
0.00070
0.00064
0.00046
-0.00043
-0.00137
-0.00012
0.00076
-0.00214
-0.00189
0.00024
-0.00253
-0.00293
-0.00360
-0.00320
-0.00488
-0.00632
-0.00522
-0.00470
-0.00555
-0.00528
-0.00333
-0.00391
-0.00479
-0.00336
-0.00348
-0.00424
-0.00552
-0.00745
-0.00745
-0.00858
-0.00644
-0.00305
-0.00146
-0.00125
0.00034
0.00226
0.00534
0.00781
0.00830
0.00861
0.00906
0.01123
0.01263
0.01355
0.01266
0.00839
0.00940
0.01105
0.00848
0.00906
0.00839
0.00571
0.00482
0.00262
-0.00064
0.00058
0.00256
0.00272
0.00336
0.00552
0.00778
0.00806
0.00653
0.00876
0.01300
0.01306
0.01236
0.01126
0.01172
0.01208
0.01093
0.01059
0.00867
0.00711
0.00687
0.00577
0.00540
0.00500
0.00308
0.00256
0.00174
-0.00006
-0.00104
-0.00204
-0.00540
-0.00854
-0.01028
-0.00958
-0.00934
-0.00909
-0.01019
-0.01144
-0.01062
-0.01135
-0.01184
-0.01254
-0.00958
-0.00867
-0.01035
-0.01218
-0.01584
-0.01328
-0.01434
-0.01779
-0.01599
-0.01559
-0.01904
-0.02209
-0.02133
-0.02209
-0.02634
-0.02496
-0.02310
-0.02286
-0.02097
-0.02121
-0.01880
-0.01785
-0.01712
-0.01233
-0.00870
-0.00717
-0.00351
-0.00171
-0.00104
0.00272
0.00598
0.00674
0.00711
0.00748
0.00800
0.00827
0.00717
0.00589
0.00272
0.00345
0.00488
0.00290
0.00153
-0.00003
0.00021
0.00009
-0.00403
-0.00693
-0.00568
-0.00424
-0.00485
-0.00403
-0.00220
-0.00143
-0.00168
-0.00003
0.00275
0.00217
0.00232
0.00430
0.00458
0.00449
0.00443
0.00272
0.00461
0.00458
0.00168
0.00198
0.00052
-0.00180
-0.00101
-0.00436
-0.00681
-0.00769
-0.00735
-0.00815
-0.01138
-0.01309
-0.01489
-0.01520
-0.01556
-0.01498
-0.01309
-0.01126
-0.01224
-0.01328
-0.01489
-0.01456
-0.01205
-0.01181
-0.01218
-0.01483
-0.01764
-0.01929
-0.02118
-0.02371
-0.02130
-0.02014
-0.02148
-0.02109
-0.01993
-0.02011
-0.01950
-0.01822
-0.01892
-0.01724
-0.01697
-0.01825
-0.01758
-0.01608
-0.01529
-0.01593
-0.01511
-0.01413
-0.01175
-0.00876
-0.00610
-0.00482
-0.00226
0.00116
0.00229
0.00626
0.01044
0.01117
0.01007
0.01111
0.01102
0.00830
0.00827
0.00833
0.00909
0.00870
0.00650
0.00497
0.00281
0.00256
0.00189
0.00256
0.00208
0.00421
0.00552
0.00717
0.00983
0.01224
0.01376
0.01428
0.01556
0.01556
0.01431
0.01376
0.01230
0.00974
0.00830
0.00797
0.00620
0.00491
0.00449
0.00189
-0.00018
0.00098
-0.00055
-0.00214
-0.00107
-0.00177
-0.00415
-0.00479
-0.00592
-0.00845
-0.00876
-0.00790
-0.00836
-0.00931
-0.00891
-0.00815
-0.00937
-0.00995
-0.01077
-0.00912
-0.00800
-0.00845
-0.00864
-0.00806
-0.01187
-0.01471
-0.01401
-0.01434
-0.01517
-0.01492
-0.01508
-0.01489
-0.01337
-0.01321
-0.01224
-0.01083
-0.00903
-0.00598
-0.00430
-0.00311
-0.00101
0.00092
0.00543
0.00714
0.00848
0.01282
0.01407
0.01633
0.01572
0.01462
0.01654
0.01816
0.02029
0.02249
0.02328
0.02225
0.01898
0.01852
0.01971
0.01846
0.01920
0.02158
0.02109
0.01880
0.01697
0.01431
0.01553
0.01718
0.01965
0.02045
0.01804
0.01532
0.01593
0.01816
0.01822
0.01825
0.01642
0.01190
0.00830
0.00873
0.00543
0.00262
0.00073
-0.00305
-0.00647
-0.00769
-0.00711
-0.00766
-0.00940
-0.01160
-0.01447
-0.01340
-0.01169
-0.01273
-0.01266
-0.01257
-0.01425
-0.01553
-0.01227
-0.01050
-0.01028
-0.00845
-0.00967
-0.01123
-0.01141
-0.01071
-0.01010
-0.00983
-0.01025
-0.01114
-0.01184
-0.01260
-0.01196
-0.01056
-0.01041
-0.00928
-0.00754
-0.00702
-0.00473
-0.00412
-0.00394
-0.00134
-0.00024
-0.00043
0.00357
0.00513
0.00360
0.00601
0.00626
0.00540
0.00702
0.01071
0.01367
0.01593
0.01685
0.01770
0.01898
0.01935
0.02078
0.02005
0.02032
0.02234
0.02267
0.02045
0.01846
0.01730
0.01657
0.01572
0.01495
0.01303
0.01004
0.00809
0.00677
0.00513
0.00357
0.00305
0.00317
0.00336
0.00232
0.00092
-0.00009
-0.00046
0.00027
0.00241
0.00348
0.00220
0.00198
0.00046
-0.00092
-0.00171
-0.00211
-0.00238
-0.00430
-0.00583
-0.00656
-0.00876
-0.01065
-0.01187
-0.01355
-0.01245
-0.01172
-0.01334
-0.01770
-0.02048
-0.02206
-0.02444
-0.02509
-0.02301
-0.02234
-0.02200
-0.02145
-0.02246
-0.02240
-0.02051
-0.01791
-0.01630
-0.01239
-0.00827
-0.00653
-0.00659
-0.00604
-0.00562
-0.00604
-0.00504
-0.00259
-0.00256
-0.00244
-0.00427
-0.00546
-0.00531
-0.00491
-0.00314
-0.00140
-0.00220
-0.00192
-0.00095
-0.00107
-0.00012
-0.00034
-0.00104
-0.00034
0.00143
0.00287
0.00256
0.00281
0.00241
0.00150
0.00214
0.00467
0.00449
0.00540
0.00592
0.00479
0.00369
0.00323
0.00284
0.00256
0.00394
0.00433
0.00418
0.00217
-0.00049
-0.00284
-0.00424
-0.00513
-0.00592
-0.00818
-0.00961
-0.00909
-0.00888
-0.00864
-0.00937
-0.00891
-0.01044
-0.01111
-0.01013
-0.01233
-0.01456
-0.01282
-0.01346
-0.01627
-0.01788
-0.01834
-0.01929
-0.02063
-0.02023
-0.02124
-0.02213
-0.01990
-0.01895
-0.01721
-0.01556
-0.01562
-0.01614
-0.01511
-0.01315
-0.01181
-0.01053
-0.00974
-0.01089
-0.01117
-0.01123
-0.01068
-0.00842
-0.00693
-0.00568
-0.00467
-0.00562
-0.00732
-0.00671
-0.00543
-0.00320
-0.00156
-0.00125
0.00247
0.00388
0.00430
0.00372
0.00403
0.00308
0.00430
0.00467
0.00534
0.00500
0.00467
0.00439
0.00421
0.00433
0.00388
0.00455
0.00504
0.00656
0.00650
0.00650
0.00812
0.01068
0.01025
0.01025
0.01068
0.00787
0.00693
0.00732
0.00565
0.00504
0.00497
0.00433
0.00491
0.00449
0.00269
0.00113
0.00098
0.00043
0.00024
-0.00015
-0.00027
-0.00095
-0.00156
-0.00171
-0.00220
-0.00143
-0.00174
-0.00247
-0.00134
0.00058
0.00104
0.00085
0.00150
0.00153
0.00247
0.00403
0.00421
0.00565
0.00525
0.00455
0.00583
0.00775
0.00739
0.00781
0.01001
0.00870
0.00766
0.00778
0.00558
0.00363
0.00507
0.00531
0.00388
0.00360
0.00317
0.00226
0.00168
0.00366
0.00436
0.00653
0.00870
0.01154
0.01422
0.01471
0.01456
0.01395
0.01480
0.01572
0.01633
0.01486
0.01569
0.01410
0.01111
0.01099
0.01071
0.01193
0.01123
0.01123
0.01044
0.00830
0.00665
0.00751
0.00629
0.00531
0.00543
0.00461
0.00497
0.00476
0.00446
0.00333
0.00275
0.00250
0.00348
0.00394
0.00174
0.00201
0.00180
0.00143
0.00095
0.00131
0.00153
0.00113
0.00034
-0.00119
-0.00140
-0.00143
-0.00177
-0.00256
-0.00333
-0.00348
-0.00424
-0.00323
-0.00317
-0.00314
-0.00342
-0.00174
0.00000
0.00098
0.00110
0.00195
0.00403
0.00485
0.00595
0.00769
0.00668
0.00653
0.00882
0.00900
0.00812
0.00870
0.00769
0.00772
0.00897
0.00830
0.00668
0.00595
0.00583
0.00598
0.00586
0.00452
0.00446
0.00418
0.00299
0.00354
0.00339
0.00403
0.00418
0.00327
0.00385
0.00464
0.00497
0.00375
0.00467
0.00403
0.00385
0.00589
0.00247
0.00360
0.00446
0.00098
0.00287
0.00336
-0.00006
0.00092
0.00018
-0.00467
-0.00403
-0.00558
-0.00766
-0.00769
-0.00775
-0.01205
-0.01099
-0.00928
-0.01151
-0.00897
-0.00659
-0.00964
-0.00641
-0.00308
-0.00421
-0.00320
-0.00104
-0.00427
-0.00375
0.00122
-0.00427
-0.00241
-0.00357
-0.00574
-0.00479
-0.00375
-0.00372
-0.00192
-0.00388
-0.00089
-0.00241
0.00131
-0.00400
0.00156
-0.00021
-0.00003
0.00220
0.00140
-0.00287
0.00137
0.00323
0.00012
0.00571
-0.00220
0.00357
0.00055
0.00537
0.00076
0.00262
-0.00674
0.00385
-0.00607
0.00287
-0.01233
0.00098
-0.01355
0.00305
-0.01297
-0.00027
-0.00821
-0.00183
-0.00446
-0.00714
-0.00589
-0.00900
0.00266
-0.00998
0.02612
0.02988
0.18643
-0.41196
-0.08215
-0.08017
-0.38324
0.14276
-0.14960
-0.05499
0.06015
-0.01382
-0.02737
0.03967
-0.03027
0.08423
0.01770
-0.05026
0.00623
0.04419
0.01074
-0.10089
0.18155
-0.04483
-0.05676
0.11917
-0.03506
0.01505
-0.07263
0.07349
0.04828
-0.14258
0.14920
-0.02798
-0.09363
0.09717
-0.07822
-0.06604
0.03714
-0.01880
-0.04761
-0.01056
0.05670
-0.07932
0.01520
-0.00699
-0.09555
0.07578
-0.02481
0.01886
0.07620
0.03116
0.11578
0.26126
-0.29477
-0.47043
-0.13626
-0.20648
-0.03568
0.03802
-0.05124
-0.20792
0.27802
-0.19012
0.18051
0.16595
-0.23264
0.54474
-0.25421
0.08524
0.21957
-0.27505
0.04669
0.43997
-0.28073
0.29187
0.27130
-0.16873
0.29657
-0.07208
-0.05673
-0.00467
0.16595
-0.24588
0.33749
-0.17236
-0.13940
0.08902
-0.25150
0.03159
-0.12787
0.18039
-0.27042
0.01892
0.30032
-0.40085
0.04068
0.12555
-0.38672
0.08636
0.21176
-0.23090
0.08447
0.04565
-0.20795
0.30295
-0.35410
0.06207
0.24191
-0.23547
0.20123
-0.11853
0.17200
-0.14139
-0.07227
0.21582
-0.19492
0.18018
0.14969
-0.24890
0.23657
0.09732
-0.32291
0.38147
-0.09308
-0.07629
0.22525
-0.30130
-0.00040
0.09842
-0.22595
-0.17075
0.26431
0.01926
-0.00156
0.19675
0.09744
-0.10406
0.16321
0.18454
-0.09140
0.13498
-0.07678
-0.01724
0.27054
-0.16675
-0.13678
0.40332
-0.32397
0.05164
0.34167
-0.23373
-0.06204
0.17120
-0.05832
-0.02194
0.09296
-0.04422
-0.02036
-0.00632
0.10410
-0.20123
0.15192
-0.10077
-0.14346
0.19131
0.07361
-0.28738
0.03729
0.13513
-0.28009
0.19568
-0.03967
-0.08820
-0.01587
0.07184
-0.04672
-0.08035
0.00500
-0.01474
0.01614
-0.00272
0.07370
-0.15564
0.15582
-0.04443
-0.11792
0.17032
-0.07391
0.00339
-0.02686
0.12656
-0.05719
-0.08170
0.18304
-0.14682
0.10461
0.00729
-0.06122
0.19427
-0.08359
0.15314
-0.16238
0.03604
0.10284
-0.11691
0.14920
-0.11349
0.10074
-0.12848
0.10440
0.01465
-0.22241
0.21277
-0.06903
0.00708
0.01724
0.08371
-0.15427
-0.08316
0.33301
-0.29837
0.02933
0.20676
-0.18549
0.02982
0.11139
-0.11636
0.07117
0.09912
-0.04517
-0.08224
-0.03790
0.08307
-0.25134
0.20929
0.02112
-0.23859
0.01385
-0.02240
-0.01712
0.02850
0.05399
-0.04080
0.01727
-0.00595
0.11249
-0.04764
-0.05057
0.13849
0.03604
0.08099
-0.02197
0.01099
-0.03049
-0.01660
0.12280
-0.03329
0.07648
-0.07217
-0.01895
0.05899
-0.11118
-0.01736
-0.02747
-0.08087
0.06143
-0.00623
-0.10202
0.01907
-0.10120
-0.08923
0.13193
-0.10242
-0.00259
0.04877
-0.09717
0.06009
-0.03812
-0.11703
0.01447
0.02893
-0.04230
0.02737
-0.01715
0.03500
-0.15509
0.15390
-0.02969
-0.04950
0.14917
-0.10086
0.09210
0.03986
-0.08759
0.00281
0.09949
-0.11493
0.12582
0.01413
-0.05453
0.05023
-0.03812
0.01630
0.07025
-0.01468
-0.04593
0.09171
-0.05011
-0.00961
0.06351
-0.10733
0.01587
0.03067
-0.05963
0.06146
-0.08237
-0.03278
0.01675
-0.02448
-0.04385
0.04932
-0.04211
-0.05148
0.09167
-0.05249
-0.00076
0.01315
0.00024
-0.01263
-0.00232
0.05667
-0.11115
-0.05463
0.09949
-0.13504
0.00290
0.03116
-0.13208
-0.02008
0.03104
-0.07608
-0.11234
0.12454
-0.08255
-0.06329
0.14575
-0.11975
-0.04004
0.06369
0.00430
-0.02438
-0.02585
0.01025
-0.05051
0.02933
0.02814
-0.02930
-0.00473
-0.00375
-0.00601
0.04849
0.01254
-0.01703
0.01993
0.01587
0.03168
-0.02496
0.03735
-0.00836
-0.02243
0.06033
0.01953
0.00049
-0.04718
0.00873
0.03098
-0.02756
0.03226
-0.01300
-0.02826
0.02963
0.03900
0.03091
-0.01855
0.03448
-0.00058
0.03986
0.08319
-0.02429
-0.01318
0.03778
0.00204
0.02032
0.03430
-0.03043
0.00555
0.03622
0.00180
0.00009
0.02197
-0.00580
-0.01047
0.02621
0.04382
-0.04086
-0.01352
0.03284
-0.00681
0.00082
-0.04492
-0.02536
0.02252
0.00070
0.00192
0.02463
-0.05032
-0.06140
0.02380
0.02563
-0.01691
-0.00754
-0.01373
-0.02176
-0.00357
-0.02252
-0.02026
-0.02243
-0.01627
0.00690
-0.00986
-0.03076
-0.01862
0.00269
0.02469
0.02072
-0.00531
-0.00137
-0.02576
0.02170
0.03436
-0.01193
0.05042
0.01840
0.01361
0.06113
-0.00089
-0.01633
0.01434
0.00919
0.02151
0.02435
0.00790
0.02573
0.03537
0.01794
0.03687
0.02603
-0.00027
0.04559
0.04285
0.03290
0.06458
0.00168
-0.00070
0.05847
0.03427
0.05048
0.05252
0.06137
0.03857
0.04507
0.06741
-0.00504
0.03693
0.04333
0.02698
0.04660
0.02081
0.01416
-0.03561
-0.00232
0.00540
-0.03122
-0.00870
-0.00702
0.00787
-0.01059
-0.01932
-0.05750
-0.04562
-0.02408
-0.03708
-0.02991
-0.02969
-0.01724
-0.04245
-0.02408
-0.03958
-0.06900
-0.02875
-0.01593
-0.01718
-0.00739
-0.00839
-0.03168
-0.01135
0.01407
0.00177
0.01306
0.03308
0.03372
-0.00809
0.01276
0.00879
-0.02341
0.01157
0.02557
0.02600
0.01889
-0.00079
-0.02301
-0.00150
0.01584
0.02429
0.01553
0.01364
0.03030
0.00748
0.01993
0.01489
0.01562
0.04803
0.03751
0.06403
0.05002
0.05420
0.05545
0.03091
0.06973
0.09824
0.06451
0.07620
0.10675
0.06357
0.07440
0.08655
0.05939
0.03256
0.06268
0.06802
0.06781
0.03217
-0.01758
-0.00848
-0.01672
-0.02164
-0.02573
-0.02133
-0.07236
-0.09262
-0.07773
-0.12473
-0.15094
-0.13950
-0.11914
-0.12411
-0.12888
-0.15103
-0.17801
-0.14917
-0.13306
-0.12881
-0.11057
-0.09756
-0.13171
-0.08493
-0.06357
-0.12244
-0.06833
-0.03745
-0.03516
0.01929
0.02722
0.01257
0.02322
0.01001
0.03180
0.07242
0.05780
0.06342
0.08804
0.05783
0.04254
0.05215
0.03537
0.05084
0.07541
0.09518
0.07318
0.03812
0.04425
0.07132
0.10803
0.12320
0.11014
0.09741
0.11096
0.13565
0.12903
0.11218
0.12723
0.13983
0.17725
0.14755
0.11456
0.10870
0.13208
0.18164
0.24615
0.18192
0.04910
0.08923
0.10754
0.03336
-0.04276
-0.02310
-0.08203
-0.13397
-0.10803
-0.18796
-0.28046
-0.32101
-0.30203
-0.25693
-0.32812
-0.40048
-0.33282
-0.32632
-0.40979
-0.31775
-0.28122
-0.38406
-0.26776
-0.17511
-0.19125
-0.16318
-0.14011
-0.10873
0.00812
0.05585
0.04581
0.11319
0.10150
0.08395
0.15314
0.12097
0.05569
0.12637
0.14673
0.13489
0.15591
0.08096
0.05154
0.11938
0.08359
0.07645
0.12216
0.05338
0.06516
0.15134
0.07001
-0.00137
0.06519
0.08005
0.06863
0.09598
0.07385
0.06180
0.09991
0.13010
0.17331
0.17758
0.13940
0.20770
0.25793
0.14090
0.15054
0.20270
0.14459
0.13882
0.16129
0.11469
0.06726
0.10938
0.22916
0.22049
0.01855
0.01309
0.11432
0.02005
-0.05811
-0.02206
-0.13074
-0.20450
-0.13098
-0.19745
-0.30499
-0.30856
-0.36884
-0.36670
-0.27740
-0.36819
-0.41028
-0.30612
-0.32666
-0.33466
-0.25241
-0.28232
-0.30353
-0.20682
-0.16083
-0.15405
-0.12933
-0.15115
-0.08142
0.01190
0.02148
0.06793
0.11566
0.04935
0.10168
0.21750
0.14999
0.13553
0.14633
0.11432
0.13577
0.14841
0.10403
0.06793
0.03806
0.03799
0.08694
0.05933
-0.00580
0.04938
0.08228
0.04178
0.06055
0.07480
0.06213
0.11380
0.14578
0.08997
0.07861
0.06769
0.08032
0.12976
0.11499
0.06119
0.13788
0.19653
0.14444
0.15811
0.17453
0.14148
0.13855
0.19434
0.20258
0.17291
0.11591
0.11368
0.16226
0.14224
0.06381
0.18576
0.24725
0.03876
0.03384
0.13046
0.03656
-0.04089
0.01520
-0.07321
-0.12628
-0.10095
-0.16852
-0.21277
-0.25613
-0.31229
-0.27805
-0.24603
-0.31186
-0.29333
-0.27768
-0.32791
-0.29883
-0.24255
-0.27548
-0.26120
-0.18497
-0.19055
-0.16422
-0.14108
-0.17941
-0.12668
-0.02667
-0.02649
-0.00684
0.09100
0.03363
0.01276
0.08829
0.03671
0.05484
0.09863
0.06409
0.07510
0.07748
0.00241
0.02182
0.04935
-0.00385
0.03714
0.07901
0.03375
0.03799
0.10022
0.07944
0.07684
0.14606
0.14636
0.15070
0.17804
0.17859
0.16837
0.12595
0.10098
0.13177
0.15948
0.19373
0.22934
0.18820
0.18210
0.20190
0.19159
0.18936
0.20837
0.17261
0.15216
0.18958
0.12070
0.07416
0.12448
0.13898
0.22769
0.23636
0.06598
0.06613
0.10532
0.02652
0.00894
0.02481
-0.09286
-0.08197
-0.08496
-0.21515
-0.24442
-0.28702
-0.38046
-0.33295
-0.25403
-0.37848
-0.37402
-0.33231
-0.37039
-0.33060
-0.33133
-0.37561
-0.26730
-0.16751
-0.23471
-0.18716
-0.14316
-0.20184
-0.10269
-0.02902
-0.05460
0.03027
0.07861
0.06396
0.10599
0.04559
-0.00064
0.11383
0.09390
0.03275
0.10193
0.05704
-0.02457
0.02747
0.02115
-0.01752
0.01584
0.03619
0.04654
0.06784
0.05087
0.05957
0.14682
0.16132
0.16406
0.17236
0.13553
0.20486
0.21472
0.10736
0.09653
0.14093
0.18039
0.20767
0.18930
0.16830
0.19928
0.20407
0.18124
0.20444
0.17325
0.15280
0.18503
0.16290
0.08768
0.08453
0.09128
0.15030
0.20023
0.09183
0.01385
0.04352
0.05029
-0.04025
-0.02869
-0.04309
-0.10205
-0.14893
-0.11789
-0.18420
-0.32346
-0.31454
-0.26154
-0.27921
-0.34653
-0.31702
-0.34897
-0.34677
-0.30145
-0.28897
-0.28546
-0.23465
-0.25116
-0.21887
-0.17181
-0.21463
-0.16461
-0.08826
-0.09485
-0.07626
-0.00058
0.01709
0.03610
0.01306
-0.01611
0.00922
0.04379
0.01944
0.03979
0.04434
-0.00101
0.00211
0.03601
-0.02774
-0.03500
0.02002
0.01910
0.03922
0.06134
0.07388
0.06976
0.11957
0.12534
0.15302
0.16083
0.16635
0.17010
0.18497
0.16714
0.12875
0.16660
0.17557
0.15503
0.19125
0.24701
0.20541
0.21796
0.17416
0.16248
0.21295
0.18057
0.14157
0.18033
0.17496
0.11578
0.19308
0.17279
0.11395
0.14059
0.15860
0.05515
0.01587
0.03409
0.00320
-0.02280
-0.10260
-0.08939
-0.13049
-0.23190
-0.23328
-0.21918
-0.31320
-0.29944
-0.28860
-0.32346
-0.29626
-0.32593
-0.32220
-0.28333
-0.30835
-0.30331
-0.22464
-0.24411
-0.22391
-0.14413
-0.16550
-0.18283
-0.10031
-0.06085
-0.01917
0.02820
0.03961
0.01871
-0.00464
-0.00952
0.02084
0.04959
0.01312
0.00314
0.02213
-0.02460
-0.06207
-0.01028
-0.02393
-0.01962
0.05075
0.04510
0.04636
0.09814
0.10431
0.15115
0.14728
0.13559
0.22800
0.22894
0.14157
0.19708
0.19034
0.12280
0.15125
0.16901
0.17261
0.21100
0.25616
0.21945
0.19595
0.14587
0.21982
0.23361
0.16034
0.16650
0.20111
0.17657
0.15793
0.17398
0.13980
0.19568
0.18655
0.12296
0.12488
0.10934
0.02576
0.06107
0.03638
-0.07196
-0.04614
-0.08554
-0.17343
-0.20251
-0.27335
-0.27563
-0.24857
-0.33743
-0.33578
-0.27124
-0.30902
-0.34415
-0.33365
-0.33051
-0.29898
-0.25616
-0.20743
-0.19226
-0.22733
-0.19241
-0.12112
-0.14444
-0.12961
-0.03708
0.01419
0.05127
0.04788
-0.00867
-0.01843
0.01266
0.02280
0.03882
0.03217
0.00034
-0.00650
-0.04132
-0.06323
-0.05783
-0.03177
0.01236
0.04654
0.04752
0.03912
0.05923
0.10678
0.14874
0.14572
0.17688
0.18604
0.20349
0.21463
0.18356
0.12866
0.12692
0.14844
0.19363
0.23459
0.22440
0.23096
0.20273
0.17920
0.16605
0.18182
0.22656
0.23398
0.18518
0.17920
0.17392
0.14297
0.10132
0.16470
0.18277
0.11823
0.11288
0.12167
0.03928
-0.00961
0.06342
-0.01569
-0.07294
-0.08078
-0.10580
-0.15872
-0.21652
-0.28375
-0.24780
-0.28531
-0.32855
-0.22818
-0.28351
-0.37167
-0.28403
-0.24026
-0.38412
-0.25903
-0.17249
-0.24155
-0.18201
-0.11835
-0.18845
-0.19620
-0.09964
-0.08881
0.00140
0.01117
-0.01410
0.02310
-0.02875
-0.05756
0.02191
0.01044
-0.03140
0.04337
0.01111
-0.07251
-0.03812
-0.05463
-0.05615
0.01685
0.01141
0.02271
0.07886
0.07080
0.10208
0.10373
0.11548
0.17877
0.17447
0.17538
0.19775
0.16495
0.12262
0.16367
0.15152
0.15582
0.18103
0.21274
0.21686
0.23026
0.17838
0.11938
0.17957
0.18219
0.16971
0.13852
0.11279
0.14334
0.16519
0.10364
0.10971
0.17114
0.13318
0.08191
0.11676
0.08218
-0.00937
0.03177
0.03690
-0.06042
-0.09448
-0.11673
-0.17618
-0.19968
-0.24484
-0.30121
-0.25534
-0.29584
-0.31393
-0.24512
-0.30594
-0.33362
-0.26059
-0.26331
-0.25790
-0.16879
-0.20972
-0.23071
-0.15131
-0.14960
-0.16043
-0.08130
-0.10089
-0.06107
0.03467
-0.01050
-0.06387
-0.05283
-0.04251
-0.02847
0.01468
-0.01163
-0.02701
-0.03098
-0.04425
-0.06876
-0.04333
-0.06027
-0.01941
0.05453
0.03381
0.03534
0.07834
0.09171
0.11435
0.16931
0.16766
0.15039
0.16638
0.19122
0.15549
0.13101
0.13248
0.15302
0.16977
0.19022
0.20300
0.22647
0.19214
0.15057
0.15656
0.18192
0.17770
0.16278
0.15695
0.10550
0.13046
0.13831
0.08081
0.10104
0.17502
0.09772
0.07422
0.13391
0.05576
0.00797
0.05368
0.01874
-0.05792
-0.04535
-0.10959
-0.17587
-0.19437
-0.26746
-0.24545
-0.22266
-0.31577
-0.31607
-0.20221
-0.30057
-0.34088
-0.24414
-0.27814
-0.25250
-0.18411
-0.20312
-0.22177
-0.18195
-0.17978
-0.07867
-0.09589
-0.14600
-0.00677
0.05115
-0.02032
-0.01968
0.00290
-0.00693
0.02139
0.02505
0.05698
0.00912
-0.05423
-0.01657
0.01566
-0.04865
-0.04721
-0.00211
0.02893
0.03867
0.03915
0.08130
0.11029
0.11896
0.14401
0.20337
0.18259
0.14459
0.17679
0.19907
0.14581
0.11868
0.14075
0.15842
0.18668
0.21588
0.21857
0.21121
0.15244
0.16501
0.20169
0.17178
0.16281
0.19101
0.16501
0.16925
0.17725
0.09723
0.14786
0.16714
0.09818
0.11719
0.09229
0.03378
0.07465
0.01257
-0.04288
-0.02734
-0.13818
-0.16013
-0.10690
-0.26306
-0.26013
-0.17728
-0.29593
-0.31870
-0.23532
-0.31320
-0.31140
-0.22043
-0.28796
-0.24408
-0.18973
-0.21863
-0.16824
-0.16824
-0.21973
-0.08026
-0.06458
-0.13864
-0.04663
-0.00729
-0.02927
0.03760
0.01672
-0.02689
0.00192
0.01407
0.01462
0.02640
0.00269
-0.02795
0.01254
-0.02454
-0.03876
-0.00244
0.03098
0.01712
0.07526
0.06357
0.04330
0.12192
0.20074
0.21979
0.18332
0.17984
0.15210
0.18881
0.20145
0.17975
0.12021
0.11398
0.16483
0.19934
0.20129
0.11270
0.15109
0.23657
0.20355
0.20905
0.20084
0.12784
0.12082
0.15695
0.11279
0.12723
0.17148
0.19455
0.19681
0.12195
0.07822
0.09155
0.04315
0.03256
0.08466
0.00851
-0.07523
-0.10153
-0.12878
-0.21613
-0.28024
-0.24146
-0.23917
-0.31622
-0.29962
-0.30417
-0.32257
-0.30484
-0.27863
-0.22446
-0.23901
-0.30969
-0.23242
-0.10300
-0.20258
-0.24274
-0.10309
-0.07172
-0.13541
-0.03769
-0.01257
-0.03503
0.01398
0.03632
0.02222
0.02405
-0.02283
0.00763
0.08075
-0.02072
-0.01572
-0.00955
-0.06137
-0.03674
0.00522
0.00317
0.01999
0.00110
0.02545
0.10403
0.08719
0.11337
0.19009
0.19342
0.19839
0.17447
0.15393
0.18735
0.16760
0.13373
0.18103
0.18735
0.14346
0.21524
0.17975
0.12732
0.17282
0.18137
0.12466
0.15088
0.14963
0.09235
0.11627
0.09903
0.09851
0.16107
0.18716
0.11658
0.13168
0.08026
0.01089
0.05453
0.04413
-0.02798
-0.02380
-0.02716
-0.13358
-0.14154
-0.21829
-0.28455
-0.25095
-0.29294
-0.31506
-0.20740
-0.30527
-0.39059
-0.22107
-0.27954
-0.33795
-0.23477
-0.21585
-0.20502
-0.16525
-0.16046
-0.15903
-0.22577
-0.19095
-0.02960
-0.03677
-0.08859
0.01093
0.02573
-0.06180
-0.05136
-0.04221
-0.00394
0.02072
0.01013
0.04309
0.00995
-0.08560
-0.04147
-0.00790
-0.03607
0.02969
0.04285
0.06824
0.05460
0.03262
0.10138
0.13437
0.10916
0.18396
0.26993
0.20499
0.20648
0.21512
0.15372
0.09622
0.12982
0.17233
0.17725
0.20407
0.20068
0.15359
0.08725
0.09219
0.14307
0.18695
0.11816
0.12192
0.14032
0.09875
0.11255
0.14569
0.16928
0.11783
0.11337
0.10236
0.09818
0.03391
0.02625
0.01819
-0.04312
-0.05280
-0.10641
-0.15128
-0.18921
-0.22992
-0.26355
-0.21466
-0.29529
-0.32950
-0.26248
-0.28943
-0.31296
-0.27921
-0.29117
-0.30130
-0.18088
-0.20840
-0.23529
-0.14929
-0.16324
-0.16736
-0.11185
-0.09879
-0.07202
-0.02527
-0.01205
0.01572
-0.00778
-0.06934
-0.01862
0.02301
-0.01117
0.01227
0.01291
-0.04083
-0.01416
-0.02701
-0.05493
0.01917
0.04117
0.02802
0.07739
0.07233
0.03293
0.10190
0.15286
0.14059
0.19873
0.23993
0.23987
0.22223
0.15335
0.18564
0.22464
0.14099
0.14047
0.21460
0.18622
0.19971
0.19656
0.13519
0.10452
0.11362
0.19043
0.22379
0.13791
0.07477
0.13922
0.12946
0.12994
0.19547
0.18628
0.11810
0.11990
0.13519
0.05994
0.02975
0.01062
-0.00858
-0.02191
-0.07623
-0.12598
-0.12265
-0.19534
-0.28586
-0.21545
-0.23480
-0.31323
-0.22794
-0.23486
-0.28790
-0.20511
-0.27597
-0.30444
-0.16666
-0.17215
-0.20761
-0.13489
-0.17831
-0.15610
-0.05637
-0.12753
-0.08020
0.01666
-0.03891
-0.02243
0.03845
-0.06308
-0.03723
0.02399
0.01306
0.02655
0.00302
-0.03085
0.00018
-0.00275
-0.03384
0.03290
0.03171
0.02841
0.07153
0.10309
0.05502
0.07819
0.12555
0.13199
0.17703
0.21848
0.22443
0.19980
0.19986
0.13770
0.15454
0.18445
0.12976
0.15756
0.22757
0.19202
0.18491
0.17990
0.09116
0.12250
0.19775
0.17575
0.13849
0.13507
0.10068
0.11761
0.12860
0.11224
0.14465
0.14105
0.10983
0.10721
0.07846
0.02365
-0.00015
0.00354
-0.00320
-0.05560
-0.09500
-0.13461
-0.16803
-0.23615
-0.25632
-0.23923
-0.25284
-0.29733
-0.28177
-0.21069
-0.27090
-0.30563
-0.25836
-0.24716
-0.24191
-0.13315
-0.12488
-0.18146
-0.16840
-0.15530
-0.10294
-0.08191
-0.05890
-0.03888
-0.06201
-0.04944
0.02023
-0.03061
-0.05505
0.02060
0.00543
0.03036
0.02621
-0.03546
-0.03665
0.00000
0.01865
0.04742
0.03400
0.01932
0.06876
0.07101
0.06436
0.07501
0.09967
0.14316
0.20657
0.21298
0.16623
0.10480
0.12643
0.14197
0.10876
0.10855
0.15741
0.19879
0.19016
0.18784
0.11984
0.08997
0.12561
0.16229
0.16821
0.16516
0.11841
0.13101
0.14069
0.07022
0.11929
0.19922
0.13104
0.07626
0.09326
0.05014
0.01309
0.00900
-0.01944
-0.07971
-0.11462
-0.11917
-0.16553
-0.21692
-0.22644
-0.26093
-0.26608
-0.27652
-0.27234
-0.25580
-0.28055
-0.28622
-0.22192
-0.22964
-0.25043
-0.18719
-0.19675
-0.18976
-0.10751
-0.15100
-0.18390
-0.07907
-0.07578
-0.05704
-0.02512
-0.08334
-0.02466
0.02640
-0.07452
-0.02713
0.01682
-0.04984
-0.00967
0.03101
-0.03983
-0.03485
0.00351
0.01199
0.04852
0.02649
0.02454
0.05984
0.06851
0.06537
0.12491
0.12451
0.11847
0.17117
0.16592
0.11301
0.10095
0.10986
0.13538
0.11804
0.10059
0.14102
0.16293
0.18561
0.15656
0.11923
0.10886
0.13379
0.15396
0.13278
0.10245
0.10956
0.10806
0.09970
0.13483
0.17719
0.15668
0.09180
0.10059
0.11841
0.06244
0.04108
0.05069
-0.00925
-0.04953
-0.04651
-0.12988
-0.18237
-0.21405
-0.26489
-0.23196
-0.24207
-0.28149
-0.27280
-0.25391
-0.27731
-0.24899
-0.25375
-0.25671
-0.19012
-0.17371
-0.17020
-0.14633
-0.13123
-0.12003
-0.09174
-0.06824
-0.02988
-0.02521
-0.02316
-0.00983
0.01505
0.00363
-0.01068
0.02948
0.03696
0.01611
0.02075
0.00061
-0.02756
-0.01324
0.00311
0.03030
0.04608
0.04813
0.05630
0.07755
0.08527
0.10303
0.12720
0.14233
0.16129
0.16553
0.16299
0.15375
0.12469
0.13120
0.14175
0.13724
0.15192
0.14133
0.16641
0.16147
0.14383
0.12872
0.12534
0.14453
0.16306
0.13770
0.09879
0.09921
0.09344
0.08734
0.11127
0.17798
0.14932
0.10718
0.08737
0.06647
0.03275
0.04242
0.01666
-0.02118
-0.02802
-0.07321
-0.11575
-0.17096
-0.18991
-0.18829
-0.21396
-0.22858
-0.19653
-0.21872
-0.22098
-0.20337
-0.22919
-0.22467
-0.17700
-0.17068
-0.14844
-0.14325
-0.14764
-0.10721
-0.08990
-0.06857
-0.05487
-0.02029
-0.01843
-0.02011
-0.00082
-0.00970
-0.00949
0.02490
0.02985
0.00409
0.01636
0.01294
0.01215
0.02774
0.00854
0.02524
0.06583
0.03314
0.04596
0.08081
0.04517
0.07370
0.10654
0.08411
0.11948
0.14023
0.10550
0.12012
0.11029
0.08667
0.09930
0.09882
0.11588
0.14783
0.16818
0.15353
0.10120
0.09503
0.11176
0.13501
0.13962
0.11447
0.12756
0.09497
0.07291
0.12256
0.15692
0.16129
0.14294
0.09903
0.08743
0.08173
0.03583
0.03030
0.02423
-0.02826
-0.01831
-0.05026
-0.14786
-0.17413
-0.16748
-0.17804
-0.19659
-0.20688
-0.20490
-0.18283
-0.21710
-0.22937
-0.19437
-0.21289
-0.19470
-0.13315
-0.15067
-0.17651
-0.11954
-0.10217
-0.10144
-0.06717
-0.06442
-0.04257
0.00211
-0.02896
-0.03177
-0.00256
-0.03128
0.02365
0.05872
-0.01636
0.00635
0.02121
-0.02600
0.00812
0.00702
-0.02307
0.03528
0.04523
0.02332
0.05652
0.04550
0.06357
0.09525
0.08289
0.08563
0.12152
0.12549
0.11935
0.13559
0.11230
0.08371
0.09641
0.12079
0.13516
0.15863
0.14359
0.13101
0.12646
0.11743
0.11465
0.12003
0.10065
0.08740
0.08395
0.08948
0.08170
0.06436
0.11511
0.11334
0.05859
0.03320
0.03381
0.02853
0.00012
-0.02429
-0.02106
-0.07028
-0.10629
-0.10233
-0.15189
-0.19614
-0.17673
-0.17700
-0.20865
-0.21344
-0.23248
-0.24078
-0.21191
-0.20953
-0.22314
-0.19235
-0.17932
-0.16864
-0.15326
-0.15881
-0.14084
-0.11230
-0.08740
-0.06760
-0.07050
-0.06223
-0.03500
-0.02020
-0.02228
-0.02463
0.01996
0.04053
0.03934
0.03662
0.01483
0.01401
0.01730
0.03491
0.04678
0.04529
0.05185
0.05933
0.06137
0.05762
0.07407
0.09338
0.10474
0.11365
0.10803
0.11014
0.09860
0.10422
0.11246
0.09708
0.09592
0.10556
0.12592
0.14230
0.12424
0.10315
0.12860
0.11343
0.10376
0.13651
0.11206
0.09088
0.09637
0.07382
0.05365
0.05594
0.06726
0.09280
0.08810
0.03812
0.01553
0.00937
-0.02643
-0.04514
-0.02951
-0.06100
-0.08649
-0.08661
-0.12201
-0.15347
-0.18210
-0.19724
-0.17349
-0.17096
-0.18527
-0.16251
-0.18729
-0.19998
-0.16272
-0.16418
-0.15897
-0.12741
-0.12988
-0.12012
-0.09109
-0.10791
-0.09561
-0.08298
-0.09775
-0.04633
-0.01328
-0.03500
-0.01099
-0.01501
-0.01208
0.01443
-0.00430
0.01483
0.04471
0.03439
0.02597
0.03091
0.02408
0.02814
0.04657
0.06686
0.08545
0.08521
0.08478
0.10071
0.09537
0.09775
0.11844
0.12744
0.14230
0.13071
0.12885
0.11389
0.08179
0.11307
0.11951
0.10916
0.14587
0.12158
0.12177
0.13196
0.07953
0.10062
0.08585
0.06223
0.08566
0.06732
0.06384
0.06406
0.01685
0.01587
0.02548
-0.00797
0.01288
0.01346
-0.01862
-0.00925
-0.01779
-0.04092
-0.04691
-0.06262
-0.05655
-0.05853
-0.07867
-0.06085
-0.07413
-0.10056
-0.08405
-0.08942
-0.10214
-0.08954
-0.08838
-0.09348
-0.08994
-0.09052
-0.09415
-0.08762
-0.08920
-0.09125
-0.07138
-0.07404
-0.06995
-0.05331
-0.05356
-0.05121
-0.05142
-0.04025
-0.03052
-0.02194
-0.01730
-0.01462
-0.00415
-0.01111
0.00488
0.01923
0.01016
0.03049
0.05408
0.06491
0.06494
0.05853
0.04971
0.07938
0.06476
0.06631
0.08578
0.05545
0.08923
0.07623
0.06390
0.07080
0.06812
0.07535
0.07358
0.06946
0.09070
0.08032
0.04712
0.07803
0.06528
0.06314
0.07523
0.06284
0.06223
0.07080
0.06033
0.05011
0.04788
0.04599
0.05295
0.04166
0.04349
0.03491
0.02298
0.01794
0.02005
0.01407
0.00494
0.00620
-0.00458
-0.00760
-0.01779
-0.02267
-0.03171
-0.03842
-0.03073
-0.04022
-0.04721
-0.05313
-0.06631
-0.07047
-0.07874
-0.09085
-0.09082
-0.09131
-0.09924
-0.09854
-0.09848
-0.10574
-0.10391
-0.10019
-0.09512
-0.09186
-0.08151
-0.08160
-0.08514
-0.06943
-0.06894
-0.06769
-0.04916
-0.03854
-0.03375
-0.02582
-0.02118
-0.01752
-0.00571
0.00293
0.01617
0.02396
0.03458
0.04550
0.04657
0.05988
0.05988
0.06314
0.06903
0.07150
0.08105
0.08218
0.07623
0.07578
0.07410
0.07034
0.07812
0.07257
0.07025
0.06964
0.05899
0.06003
0.05066
0.05109
0.04929
0.04190
0.04367
0.03043
0.03168
0.01407
0.01151
0.01285
-0.00662
-0.00223
-0.00415
-0.01605
-0.02295
-0.02512
-0.03949
-0.03503
-0.03784
-0.03766
-0.03922
-0.04810
-0.04364
-0.05838
-0.05435
-0.05380
-0.05527
-0.05219
-0.05219
-0.05157
-0.05344
-0.05014
-0.05740
-0.04962
-0.04425
-0.04913
-0.04568
-0.04526
-0.04160
-0.04193
-0.03455
-0.03513
-0.03568
-0.02798
-0.02496
-0.02032
-0.02194
-0.01578
-0.01254
-0.00970
0.00006
0.01089
0.01898
0.01868
0.02969
0.02786
0.02240
0.03168
0.04559
0.04510
0.04434
0.04913
0.04639
0.05978
0.05109
0.05771
0.05957
0.05612
0.05164
0.03876
0.05536
0.03879
0.03821
0.03076
0.02252
0.02319
0.01398
0.01614
0.00104
0.00574
-0.00769
-0.00049
0.00525
-0.00781
0.00568
-0.00003
-0.00122
-0.00739
-0.00186
-0.00162
-0.01019
0.00662
0.00711
-0.00766
-0.00995
-0.00394
-0.01114
-0.00925
-0.00610
-0.01544
-0.01175
-0.01447
-0.01538
-0.02609
-0.03140
-0.02509
-0.03058
-0.02536
-0.02847
-0.03510
-0.03644
-0.03442
-0.03516
-0.02771
-0.02753
-0.02621
-0.02011
-0.02206
-0.02036
-0.03229
-0.02374
-0.01382
-0.01633
-0.01416
-0.01483
-0.01508
-0.01419
-0.01019
-0.00018
0.00443
-0.00333
-0.00256
0.00516
0.00830
0.00504
0.00009
0.01068
0.01447
0.00803
0.01404
0.00613
0.01102
0.01123
0.01270
0.01984
0.02017
0.02182
0.02490
0.02682
0.01849
0.02768
0.01859
0.02274
0.02737
0.02386
0.02087
0.01151
0.01450
0.01880
0.01987
0.01303
0.01328
0.01199
0.01328
0.00784
0.00934
0.01709
0.00461
0.01016
0.01498
0.00992
0.00992
0.00751
0.01010
0.00320
0.00482
0.00412
0.00363
0.00006
0.00510
0.00870
-0.00290
-0.00330
-0.00858
0.00330
-0.00183
-0.01096
-0.00238
-0.01157
-0.01233
-0.01099
-0.00583
-0.01166
-0.01218
-0.00214
-0.01465
-0.01065
-0.01697
-0.01157
-0.01166
-0.01364
-0.00375
-0.01010
-0.00186
-0.00308
0.00363
0.00391
0.00568
0.01001
0.00967
0.01511
0.01492
0.02112
0.01733
0.01843
0.02094
0.02164
0.02655
0.02536
0.02863
0.02728
0.02563
0.02301
0.02905
0.02588
0.02628
0.03177
0.02518
0.03180
0.02496
0.02631
0.02957
0.02902
0.02612
0.02863
0.03061
0.01920
0.02255
0.02072
0.01846
0.01645
0.01099
0.00406
0.00110
0.00800
-0.00223
0.00571
0.00867
-0.00735
0.00146
-0.00153
-0.00089
-0.00467
-0.00525
-0.00620
-0.01190
-0.00143
-0.00311
-0.00476
-0.00510
-0.01056
-0.00980
-0.00345
-0.00342
-0.00497
-0.00278
-0.00839
-0.00613
-0.00061
-0.00687
-0.00491
-0.00739
-0.01260
-0.00793
-0.01089
-0.01056
-0.00977
-0.00827
-0.00714
-0.01300
-0.00662
-0.00610
-0.00879
-0.00824
-0.01227
-0.01193
-0.00885
-0.00455
-0.00583
0.00168
0.01022
0.00903
0.00876
0.00742
0.01196
0.01245
0.00745
0.01260
0.01477
0.01199
0.01428
0.02045
0.01700
0.01239
0.01221
0.01633
0.01776
0.01743
0.01984
0.01373
0.01477
0.01550
0.00854
0.01031
0.01376
0.00989
0.00360
0.00534
-0.00186
-0.00302
-0.00082
-0.00064
-0.00174
-0.01199
-0.00943
-0.00864
-0.00998
-0.00623
-0.00964
-0.01218
-0.01300
-0.01447
-0.01703
-0.02072
-0.01660
-0.01459
-0.02216
-0.02277
-0.01535
-0.01306
-0.01538
-0.01297
-0.01544
-0.01740
-0.01868
-0.01602
-0.01056
-0.01651
-0.01483
-0.01410
-0.01794
-0.01727
-0.01733
-0.01730
-0.02200
-0.01953
-0.01428
-0.01587
-0.01447
-0.00992
-0.01144
-0.01001
-0.00870
-0.01062
-0.00497
-0.00803
-0.00714
-0.00278
-0.00430
0.00211
0.00281
-0.00076
0.00244
0.00674
0.00360
0.00500
0.00479
0.00598
0.01147
0.00549
0.00565
0.01120
0.01511
0.01541
0.01328
0.01556
0.00970
0.01129
0.01334
0.00568
0.00793
0.00940
0.00787
0.01108
0.01086
0.00677
0.00125
-0.00314
-0.00211
-0.00403
-0.00760
-0.00751
-0.01053
-0.01590
-0.01294
-0.02072
-0.02094
-0.01657
-0.02173
-0.01907
-0.01700
-0.02106
-0.02151
-0.01685
-0.01624
-0.01239
-0.00906
-0.01001
-0.00949
-0.00772
-0.00864
-0.01111
-0.00787
-0.00375
-0.01041
-0.00598
-0.00598
-0.00827
-0.00284
-0.01138
-0.00830
-0.00739
-0.01083
-0.00482
-0.00388
-0.00662
-0.00705
-0.00729
-0.00690
-0.00635
-0.00266
0.00104
-0.00122
0.00183
0.00836
0.00931
0.00934
0.01440
0.01486
0.01382
0.01367
0.01520
0.01175
0.01431
0.01712
0.01749
0.01938
0.01489
0.01462
0.01666
0.01868
0.01776
0.02072
0.01706
0.01801
0.01843
0.01334
0.01804
0.01776
0.01398
0.01633
0.01511
0.01099
0.01846
0.01648
0.01483
0.01743
0.01227
0.01227
0.01215
0.01199
0.00925
0.00772
0.00452
0.00238
0.00601
0.00659
0.00574
0.00751
0.00436
-0.00162
0.00186
0.00174
-0.00162
0.00281
0.00351
0.00000
-0.00125
-0.00507
-0.00430
-0.00220
-0.00189
0.00165
0.00278
0.00464
0.00620
0.00705
0.00586
0.00363
0.00095
0.00607
0.00983
0.01013
0.01254
0.00928
0.01056
0.01187
0.01300
0.01566
0.01736
0.01624
0.02155
0.01697
0.02002
0.02237
0.01694
0.02142
0.02365
0.02420
0.02121
0.02563
0.02493
0.02216
0.02676
0.02588
0.02563
0.02380
0.02078
0.02032
0.01654
0.01883
0.02225
0.02039
0.01886
0.01682
0.01639
0.01562
0.01559
0.01398
0.01291
0.01480
0.01239
0.00714
0.00766
0.00546
0.00076
0.00372
0.00266
-0.00308
-0.00366
-0.00699
-0.01126
-0.00876
-0.00818
-0.01077
-0.01199
-0.01013
-0.01147
-0.01074
-0.01224
-0.01553
-0.01334
-0.01077
-0.00861
-0.00641
-0.00571
-0.00720
-0.00793
-0.00537
-0.00189
-0.00653
-0.00562
0.00165
-0.00043
0.00092
-0.00101
-0.00366
0.00443
0.00690
0.00974
0.01184
0.00842
0.00916
0.00827
0.01013
0.00876
0.00912
0.01245
0.01166
0.01010
0.01062
0.00739
0.00681
0.01141
0.01166
0.01343
0.01675
0.01697
0.01273
0.01541
0.01706
0.01562
0.01453
0.01712
0.01379
0.01251
0.01300
0.00998
0.00885
0.00879
0.01224
0.01334
0.01544
0.01285
0.00906
0.00641
0.00671
0.00305
-0.00006
0.00357
0.00113
-0.00278
-0.00427
-0.00797
-0.01044
-0.01358
-0.01553
-0.01669
-0.02161
-0.02841
-0.03110
-0.03333
-0.03802
-0.03867
-0.03613
-0.03445
-0.03223
-0.03024
-0.03290
-0.03271
-0.03271
-0.03049
-0.02945
-0.02786
-0.02502
-0.02692
-0.02707
-0.02573
-0.02332
-0.02350
-0.01599
-0.01559
-0.01562
-0.01178
-0.01340
-0.01266
-0.01019
-0.00766
-0.00809
-0.00641
-0.00818
-0.00482
-0.00516
-0.00598
-0.00244
-0.00363
-0.00327
-0.00128
0.00162
0.00116
0.00491
0.00613
0.00836
0.01312
0.01465
0.01544
0.01370
0.01740
0.01730
0.01407
0.01282
0.01324
0.01434
0.01453
0.01266
0.01157
0.01025
0.00671
0.00958
0.00980
0.01105
0.01120
0.01028
0.00763
0.00452
0.00452
0.00372
0.00369
0.00473
0.00418
0.00064
-0.00012
-0.00272
-0.00458
-0.00241
-0.00381
-0.00833
-0.01126
-0.01581
-0.02032
-0.01929
-0.02359
-0.02917
-0.02875
-0.02927
-0.02966
-0.03094
-0.03409
-0.03647
-0.03674
-0.03442
-0.03488
-0.03198
-0.03088
-0.03052
-0.02850
-0.02689
-0.02673
-0.02539
-0.01901
-0.01553
-0.01648
-0.01566
-0.01279
-0.01141
-0.00955
-0.00653
-0.00418
-0.00308
-0.00537
-0.00162
0.00165
-0.00003
0.00241
0.00095
0.00369
0.00604
0.00882
0.00897
0.00607
0.00854
0.01111
0.01346
0.01532
0.01889
0.02042
0.02011
0.02203
0.02512
0.02737
0.02869
0.03040
0.03116
0.03326
0.03128
0.03134
0.03311
0.03278
0.03433
0.03094
0.03015
0.03088
0.02841
0.02545
0.02344
0.02185
0.01846
0.01694
0.01364
0.01379
0.01373
0.00916
0.00766
0.00522
0.00281
0.00183
-0.00027
-0.00275
-0.00647
-0.00888
-0.01154
-0.01346
-0.01245
-0.01254
-0.01437
-0.01337
-0.01437
-0.01566
-0.01459
-0.01163
-0.00928
-0.00879
-0.00735
-0.00735
-0.00632
-0.00693
-0.00354
-0.00275
-0.00574
-0.00198
-0.00146
-0.00217
-0.00177
-0.00067
0.00247
0.00339
0.00711
0.00995
0.01123
0.01123
0.01239
0.01193
0.01312
0.01666
0.01889
0.02078
0.02130
0.02423
0.02429
0.02365
0.02899
0.03357
0.03607
0.03732
0.04034
0.04019
0.03781
0.03864
0.03842
0.03705
0.03952
0.03894
0.03290
0.03711
0.03973
0.03812
0.03888
0.03912
0.03586
0.03442
0.03522
0.03207
0.03098
0.02777
0.02698
0.02444
0.01913
0.01678
0.01340
0.00922
0.00418
0.00305
0.00235
-0.00143
-0.00256
-0.00650
-0.00955
-0.01193
-0.01575
-0.01675
-0.01782
-0.01770
-0.01797
-0.01962
-0.02243
-0.02313
-0.02490
-0.02451
-0.02103
-0.01923
-0.01794
-0.01886
-0.01691
-0.01550
-0.01492
-0.01230
-0.01025
-0.00861
-0.00659
-0.00424
-0.00632
-0.00476
-0.00372
-0.00375
-0.00082
0.00250
0.00266
0.00204
0.00385
0.00186
0.00253
0.00159
0.00061
0.00125
0.00455
0.00671
0.00708
0.00952
0.00751
0.00861
0.01205
0.01294
0.01776
0.01816
0.01907
0.02042
0.01617
0.01599
0.01804
0.01910
0.02045
0.02158
0.02182
0.02216
0.02078
0.01920
0.01764
0.01788
0.01825
0.01831
0.02075
0.01956
0.01718
0.01593
0.01559
0.01334
0.00992
0.00699
0.00476
0.00311
0.00095
-0.00229
-0.00699
-0.01123
-0.01025
-0.01306
-0.01852
-0.02243
-0.02649
-0.02789
-0.02908
-0.03064
-0.03293
-0.03104
-0.02896
-0.02859
-0.03098
-0.03085
-0.02817
-0.02661
-0.02570
-0.02548
-0.02237
-0.02194
-0.02066
-0.01782
-0.01663
-0.01624
-0.01385
-0.01324
-0.01367
-0.01242
-0.01099
-0.01147
-0.01239
-0.00900
-0.00961
-0.00830
-0.00677
-0.00601
-0.00662
-0.00766
-0.00836
-0.00836
-0.00558
-0.00479
-0.00412
-0.00497
-0.00470
-0.00244
-0.00058
0.00183
0.00464
0.00308
0.00247
0.00229
0.00131
0.00214
0.00171
0.00293
0.00430
0.00656
0.01062
0.01199
0.01300
0.01404
0.01468
0.01736
0.01706
0.01654
0.01810
0.01624
0.01358
0.01312
0.01147
0.00845
0.00998
0.00778
0.00223
-0.00174
-0.00418
-0.00516
-0.00806
-0.01080
-0.01355
-0.01682
-0.01663
-0.01929
-0.02017
-0.01935
-0.02200
-0.02036
-0.02014
-0.02209
-0.02219
-0.02155
-0.02090
-0.01981
-0.01526
-0.01776
-0.01672
-0.01511
-0.01715
-0.01642
-0.01553
-0.01721
-0.01700
-0.01364
-0.01562
-0.01340
-0.01184
-0.01141
-0.01004
-0.00781
-0.00519
-0.00592
-0.00519
-0.00336
-0.00134
-0.00140
-0.00055
0.00018
0.00165
0.00217
0.00540
0.00604
0.00571
0.00797
0.00726
0.00879
0.01083
0.00949
0.00894
0.01004
0.00821
0.00934
0.00970
0.00952
0.01086
0.01157
0.01074
0.01056
0.01297
0.01355
0.01511
0.01666
0.01697
0.01697
0.01761
0.01801
0.01660
0.01434
0.01520
0.01578
0.01596
0.01620
0.01541
0.01401
0.01392
0.01407
0.01053
0.00986
0.01001
0.00687
0.00748
0.00354
-0.00110
-0.00165
-0.00357
-0.00125
-0.00076
-0.00037
-0.00189
-0.00067
0.00272
0.00247
0.00427
0.00662
0.00943
0.01144
0.01129
0.01129
0.01273
0.01419
0.01489
0.01733
0.01794
0.01672
0.01730
0.01959
0.01782
0.01810
0.01782
0.01791
0.02048
0.01910
0.01859
0.01993
0.02069
0.02194
0.02048
0.01953
0.01889
0.01746
0.02066
0.02032
0.01794
0.01767
0.01877
0.01956
0.02060
0.01971
0.01819
0.01624
0.01785
0.01801
0.01550
0.01566
0.01517
0.01797
0.01721
0.01413
0.01385
0.01300
0.01242
0.01428
0.01361
0.01025
0.00772
0.00708
0.00787
0.00656
0.00513
0.00360
0.00146
-0.00095
-0.00208
-0.00348
-0.00354
-0.00601
-0.00714
-0.00964
-0.01178
-0.01401
-0.01453
-0.01596
-0.01825
-0.01700
-0.01672
-0.01566
-0.01495
-0.01529
-0.01291
-0.00977
-0.00970
-0.00513
-0.00314
-0.00156
-0.00031
-0.00116
0.00195
0.00192
0.00262
0.00500
0.00565
0.00467
0.00531
0.00436
0.00510
0.00659
0.00693
0.00766
0.00888
0.00989
0.01083
0.01086
0.00903
0.00824
0.00705
0.00723
0.00677
0.00885
0.01038
0.00800
0.00775
0.00638
0.00439
0.00510
0.00537
0.00711
0.00726
0.00574
0.00446
0.00372
0.00534
0.00702
0.00821
0.01077
0.01016
0.01001
0.01065
0.00949
0.01193
0.01334
0.01337
0.01425
0.01248
0.01019
0.01086
0.00897
0.00482
0.00223
-0.00031
-0.00281
-0.00247
-0.00464
-0.00995
-0.01263
-0.01501
-0.02020
-0.02350
-0.02576
-0.03162
-0.03467
-0.03607
-0.03619
-0.03546
-0.03790
-0.03806
-0.03702
-0.03622
-0.03467
-0.03424
-0.03207
-0.02997
-0.02722
-0.02649
-0.02426
-0.02313
-0.02170
-0.01801
-0.01730
-0.01587
-0.01181
-0.01007
-0.00916
-0.00742
-0.00360
-0.00116
0.00229
0.00543
0.00525
0.00659
0.00681
0.00739
0.00790
0.00583
0.00540
0.00757
0.00626
0.00763
0.00998
0.00821
0.01047
0.01053
0.01044
0.01331
0.01407
0.01254
0.01251
0.01233
0.01123
0.01074
0.01254
0.01144
0.01218
0.01321
0.01471
0.01550
0.01593
0.01898
0.01782
0.01834
0.01935
0.01828
0.01755
0.01593
0.01462
0.01257
0.00955
0.00668
0.00281
-0.00015
-0.00348
-0.00726
-0.01041
-0.01334
-0.01575
-0.01932
-0.02188
-0.02405
-0.02734
-0.03183
-0.03143
-0.03366
-0.03516
-0.03305
-0.03354
-0.03372
-0.03308
-0.03320
-0.03217
-0.03000
-0.02802
-0.02612
-0.02438
-0.02118
-0.01819
-0.01794
-0.01608
-0.01447
-0.01334
-0.00992
-0.00854
-0.00613
-0.00568
-0.00418
-0.00195
0.00012
0.00446
0.00803
0.00922
0.00873
0.01001
0.01178
0.01227
0.01355
0.01630
0.01755
0.01682
0.02106
0.02429
0.02472
0.02670
0.02744
0.02802
0.02911
0.02866
0.02972
0.02829
0.02838
0.02817
0.02576
0.02579
0.02640
0.02652
0.02634
0.02377
0.02347
0.02383
0.02328
0.02258
0.02185
0.02170
0.02097
0.02002
0.01935
0.01773
0.01633
0.01465
0.01367
0.01242
0.00818
0.00610
0.00510
0.00433
0.00095
-0.00232
-0.00375
-0.00702
-0.00870
-0.01141
-0.01587
-0.01682
-0.01712
-0.01834
-0.01813
-0.01645
-0.01645
-0.01599
-0.01584
-0.01535
-0.01419
-0.01379
-0.01385
-0.01007
-0.01025
-0.01169
-0.01218
-0.01105
-0.00861
-0.00696
-0.00659
-0.00583
-0.00366
-0.00262
-0.00003
0.00266
0.00473
0.00711
0.00897
0.00916
0.00790
0.01025
0.01245
0.01221
0.01367
0.01544
0.01801
0.02197
0.02402
0.02423
0.02524
0.02686
0.02789
0.02689
0.02780
0.02988
0.02939
0.02997
0.02975
0.03003
0.03021
0.03201
0.03140
0.02979
0.02969
0.02841
0.02835
0.02905
0.02939
0.02905
0.02884
0.02853
0.02612
0.02240
0.01822
0.01678
0.01483
0.01208
0.01108
0.00809
0.00632
0.00381
0.00073
-0.00122
-0.00424
-0.00565
-0.00610
-0.00729
-0.01010
-0.01126
-0.01266
-0.01352
-0.01404
-0.01477
-0.01602
-0.01804
-0.01855
-0.02005
-0.02072
-0.01993
-0.02060
-0.01962
-0.01740
-0.01752
-0.01660
-0.01575
-0.01669
-0.01443
-0.01361
-0.01254
-0.01196
-0.00946
-0.00824
-0.00836
-0.00687
-0.00616
-0.00623
-0.00528
-0.00327
-0.00284
0.00006
0.00189
0.00339
0.00458
0.00555
0.00824
0.00967
0.01016
0.00980
0.00995
0.01077
0.01077
0.01236
0.01379
0.01501
0.01517
0.01672
0.01715
0.01740
0.01895
0.02023
0.02142
0.02173
0.02301
0.02393
0.02484
0.02518
0.02606
0.02570
0.02319
0.02371
0.02448
0.02222
0.02084
0.01779
0.01468
0.01169
0.00839
0.00543
0.00345
0.00000
-0.00293
-0.00369
-0.00687
-0.00925
-0.01102
-0.01453
-0.01526
-0.01727
-0.01920
-0.02017
-0.02234
-0.02490
-0.02417
-0.02536
-0.02747
-0.02649
-0.02664
-0.02750
-0.02847
-0.02933
-0.02829
-0.02881
-0.02789
-0.02597
-0.02576
-0.02576
-0.02469
-0.02289
-0.02264
-0.02139
-0.01993
-0.01907
-0.01672
-0.01480
-0.01410
-0.01263
-0.01126
-0.00943
-0.00858
-0.00684
-0.00735
-0.00610
-0.00491
-0.00488
-0.00189
-0.00101
-0.00031
0.00189
0.00339
0.00302
0.00369
0.00369
0.00351
0.00494
0.00562
0.00433
0.00641
0.00830
0.00891
0.01050
0.01227
0.01361
0.01584
0.01971
0.02039
0.02090
0.02094
0.02203
0.02335
0.02402
0.02222
0.02170
0.02026
0.01782
0.01562
0.01404
0.01346
0.01172
0.00955
0.00879
0.00626
0.00378
0.00079
-0.00281
-0.00317
-0.00500
-0.00684
-0.00873
-0.01318
-0.01434
-0.01666
-0.01956
-0.01987
-0.02051
-0.02261
-0.02148
-0.02097
-0.02252
-0.02219
-0.02191
-0.02197
-0.02087
-0.01965
-0.01901
-0.01715
-0.01553
-0.01511
-0.01288
-0.01212
-0.01184
-0.01050
-0.00980
-0.00983
-0.00800
-0.00812
-0.00851
-0.00662
-0.00565
-0.00394
-0.00113
-0.00076
0.00015
0.00311
0.00360
0.00412
0.00577
0.00647
0.00656
0.00714
0.00781
0.00662
0.00674
0.00742
0.00519
0.00708
0.00827
0.00867
0.01083
0.01126
0.01263
0.01569
0.01694
0.01788
0.01944
0.02051
0.02148
0.02136
0.02060
0.01883
0.01892
0.01904
0.01736
0.01614
0.01596
0.01358
0.01312
0.01410
0.01208
0.01144
0.01096
0.00986
0.00946
0.00787
0.00665
0.00555
0.00391
0.00385
0.00253
-0.00064
-0.00153
-0.00223
-0.00284
-0.00342
-0.00323
-0.00400
-0.00620
-0.00623
-0.00525
-0.00620
-0.00607
-0.00540
-0.00574
-0.00516
-0.00589
-0.00613
-0.00540
-0.00375
-0.00290
-0.00208
-0.00058
0.00073
0.00195
0.00385
0.00482
0.00681
0.00885
0.01074
0.01111
0.01459
0.01718
0.01715
0.01764
0.01901
0.02054
0.02017
0.02243
0.02090
0.02069
0.02249
0.02151
0.02078
0.02036
0.02008
0.02118
0.01993
0.01913
0.01828
0.01746
0.01752
0.01904
0.01895
0.01837
0.01941
0.01913
0.01959
0.01990
0.01981
0.01898
0.01819
0.01724
0.01672
0.01569
0.01453
0.01328
0.01242
0.01166
0.01056
0.00873
0.00745
0.00601
0.00381
0.00171
-0.00031
-0.00162
-0.00290
-0.00409
-0.00491
-0.00485
-0.00610
-0.00687
-0.00916
-0.00925
-0.00964
-0.01099
-0.01096
-0.01114
-0.01181
-0.01126
-0.01224
-0.01245
-0.01169
-0.01242
-0.01053
-0.01065
-0.01111
-0.01144
-0.01233
-0.01105
-0.00983
-0.00769
-0.00684
-0.00565
-0.00275
-0.00003
0.00052
0.00003
0.00037
0.00272
0.00443
0.00577
0.00787
0.00897
0.00891
0.01019
0.01169
0.01102
0.00970
0.01022
0.01120
0.01169
0.01065
0.00861
0.00949
0.01001
0.00940
0.01004
0.00998
0.01138
0.01212
0.01248
0.01401
0.01395
0.01428
0.01471
0.01538
0.01483
0.01437
0.01297
0.01248
0.01108
0.00998
0.00696
0.00516
0.00363
0.00241
0.00021
-0.00195
-0.00522
-0.00714
-0.00800
-0.01047
-0.01129
-0.01282
-0.01498
-0.01492
-0.01538
-0.01617
-0.01733
-0.01950
-0.01923
-0.01801
-0.02112
-0.02167
-0.01956
-0.01889
-0.01794
-0.01791
-0.01758
-0.01791
-0.01770
-0.01752
-0.01556
-0.01538
-0.01376
-0.01324
-0.01172
-0.00943
-0.00940
-0.00702
-0.00589
-0.00391
-0.00204
-0.00208
-0.00232
-0.00143
-0.00085
0.00113
0.00128
-0.00018
-0.00031
-0.00095
-0.00049
-0.00003
0.00040
0.00021
0.00095
0.00311
0.00323
0.00296
0.00287
0.00299
0.00565
0.00571
0.00659
0.00610
0.00613
0.00717
0.00906
0.00925
0.00955
0.01089
0.01038
0.01154
0.01144
0.00934
0.00922
0.00946
0.00821
0.00626
0.00507
0.00262
0.00156
0.00018
-0.00235
-0.00388
-0.00558
-0.00684
-0.00876
-0.00967
-0.01239
-0.01443
-0.01669
-0.01901
-0.01932
-0.02002
-0.02124
-0.02185
-0.02402
-0.02521
-0.02429
-0.02448
-0.02469
-0.02390
-0.02362
-0.02353
-0.02167
-0.02032
-0.01901
-0.01703
-0.01566
-0.01312
-0.01053
-0.00876
-0.00735
-0.00647
-0.00549
-0.00363
-0.00162
0.00006
0.00076
0.00195
0.00385
0.00427
0.00592
0.00653
0.00662
0.00742
0.00723
0.00812
0.00723
0.00656
0.00586
0.00565
0.00626
0.00595
0.00580
0.00607
0.00677
0.00772
0.00748
0.00638
0.00751
0.00815
0.00848
0.01004
0.01126
0.01105
0.01324
0.01453
0.01529
0.01605
0.01532
0.01648
0.01740
0.01852
0.01920
0.01794
0.01672
0.01593
0.01562
0.01419
0.01230
0.01093
0.01022
0.00818
0.00555
0.00433
0.00125
0.00076
-0.00009
-0.00226
-0.00391
-0.00479
-0.00589
-0.00858
-0.00885
-0.00989
-0.01093
-0.01056
-0.01047
-0.01132
-0.01047
-0.01071
-0.01083
-0.00839
-0.00732
-0.00555
-0.00452
-0.00433
-0.00302
-0.00174
0.00031
0.00061
0.00351
0.00720
0.00894
0.01123
0.01202
0.01199
0.01343
0.01578
0.01700
0.01770
0.01801
0.01880
0.02020
0.01987
0.02103
0.02200
0.02158
0.02203
0.02286
0.02304
0.02213
0.02350
0.02432
0.02475
0.02457
0.02487
0.02524
0.02591
0.02597
0.02493
0.02509
0.02475
0.02408
0.02408
0.02545
0.02686
0.02646
0.02530
0.02386
0.02298
0.02328
0.02194
0.02032
0.01843
0.01678
0.01526
0.01379
0.01199
0.01013
0.00879
0.00674
0.00583
0.00540
0.00275
0.00113
-0.00037
-0.00067
-0.00232
-0.00427
-0.00586
-0.00848
-0.00931
-0.01083
-0.01291
-0.01141
-0.01151
-0.01160
-0.01117
-0.01260
-0.01251
-0.01282
-0.01364
-0.01221
-0.01154
-0.01071
-0.01144
-0.00964
-0.00839
-0.00833
-0.00702
-0.00473
-0.00372
-0.00250
-0.00040
0.00092
0.00171
0.00323
0.00497
0.00592
0.00635
0.00735
0.00781
0.00592
0.00668
0.00769
0.00723
0.00879
0.00949
0.01169
0.01276
0.01395
0.01492
0.01605
0.01822
0.02008
0.02164
0.02325
0.02441
0.02567
0.02682
0.02682
0.02524
0.02512
0.02396
0.02267
0.02130
0.02017
0.01846
0.01578
0.01431
0.01321
0.01239
0.01105
0.00989
0.00851
0.00696
0.00354
0.00180
-0.00006
-0.00171
-0.00381
-0.00760
-0.00964
-0.00983
-0.01184
-0.01141
-0.01291
-0.01550
-0.01419
-0.01489
-0.01767
-0.01791
-0.01782
-0.02014
-0.01944
-0.02173
-0.02023
-0.02130
-0.02151
-0.02426
-0.02103
-0.02066
-0.02365
-0.02234
-0.01974
-0.01743
-0.01724
-0.02042
-0.02084
-0.01382
-0.01657
-0.01370
-0.01410
-0.00909
-0.00970
-0.00671
-0.00912
-0.00476
-0.00330
-0.00204
-0.00650
-0.00125
-0.00262
-0.00201
-0.00299
0.00052
-0.00299
0.00363
0.00040
-0.00079
0.00217
0.00369
0.00491
0.00168
0.01273
0.00119
0.01764
0.00845
0.01956
0.00699
0.02676
0.00894
0.02768
0.00909
0.02649
0.00766
0.02277
0.00317
0.01721
0.00473
0.01273
0.00717
0.00119
0.00946
-0.00342
0.01825
-0.00449
0.05490
0.02963
0.22931
-0.37643
-0.25107
-0.08463
-0.44711
-0.03513
-0.02750
-0.39374
0.09576
-0.05350
-0.09363
0.38089
-0.17252
0.21402
0.12219
-0.02859
0.12784
0.02130
0.01599
0.12689
0.10333
0.39380
0.26215
